basin,std_obs,NSE,NNSE,MSE,RMSE,MAE,KGE,Pearson-r,low_var_flag,neg_basin_flag
01031500,0.005125176129607948,-1.7998606250199023,0.26316754709779977,7.354514398402513e-05,0.008575846546203187,0.003705016443782036,-19.201953852505145,0.00012099028552327975,True,True
01664000,0.000447927509671171,-83.7357008198809,0.01166375256091817,1.7001290845767462e-05,0.004123262160688726,0.0017760248656529614,-56.3061785293701,0.22098369274881666,True,True
02013000,0.015245740293315546,-2.8601547761920534,0.2057547642101026,0.000897225799804416,0.029953727644558965,0.012032993912603634,-0.34511608364916,0.49349465442269824,False,True
02053200,0.026729268121219302,-1.836458491398905,0.260657062298976,0.0020265184748139726,0.0450168687806468,0.00796397103709304,-0.02799845010159152,0.38180392106212124,False,True
02221525,0.0017765920308283375,-0.979693263878217,0.3356050141545277,6.248464758270888e-06,0.002499692932796124,0.00119580438465913,-6.377743553937465,0.0058400281749469525,True,True
02315500,0.10024919220991932,-0.04548712892671136,0.4888811011608322,0.0105070416602477,0.10250386168456142,0.05338913948800716,0.5200577891096745,0.5770195845952193,False,True
02363000,0.0010354198566062882,-3.788183098357049,0.1727657855681597,5.13338370872973e-06,0.0022656971793974874,0.0010277918892615718,-4.1273950003452,0.11332419031675538,True,True
03170000,0.029910903784866535,-0.7901939939650011,0.35839801897750895,0.0016016188348180714,0.040020230319403105,0.02422749301807502,0.15221264162871484,0.3191288600336604,False,True
03213700,0.0029426382982531427,-28.183102951663614,0.03313111980572172,0.000252699994935109,0.01589654034483947,0.005560270776879455,-4.669818323873568,0.13130822050547317,True,True
03281500,0.04013854989664598,-0.3011162033225385,0.4345717085282867,0.002096232462878382,0.04578463129564747,0.005946221156786095,-3.1618456273514477,0.12691780700336547,False,True
04124000,0.0194682436003674,-0.12117917895867159,0.47143589279002807,0.00042494093352478423,0.02061409550586162,0.011594336678933935,0.5081395594285067,0.5432934089622209,False,True
05057000,0.03340392325641849,-0.2130788832650028,0.4518591757220504,0.0013535802135503409,0.03679103441805273,0.016240511416752014,-1.3146904552502887,0.37985474268160613,False,True
05123400,0.003956160314567053,-94.89291902236016,0.010320671624819438,0.0015008396794452142,0.03874067216047257,0.022324693922981607,-7.799832037193518,0.20653118381250132,True,True
05362000,0.004842352079379674,-5.131156417498938,0.14022971050615704,0.0001437656466495462,0.011990231300919354,0.005199622005669375,-0.6335742604083512,0.08903404235255705,True,True
05408000,0.0110006302814085,-9.109853821247684,0.0900101852004112,0.0012234325015510923,0.03497759999701369,0.006828043316787698,-1.6152588083516064,0.49584764934145326,False,True
05489000,0.08243663887548021,-0.003237515715955208,0.4991919291420623,0.00681780093654048,0.08256997599939388,0.02187801868593379,-0.49527797889771974,0.38471795453394103,False,True
06043500,0.026242973595781736,-0.15701671532151695,0.4636032687632389,0.0007968300799992804,0.02822817882895176,0.012239381189392294,0.2836642777859745,0.4673083010116431,False,True
06450500,0.018883448191570593,-0.0004996805687389472,0.49987511106010357,0.00035676279400725914,0.018888165448429847,0.003276438188678031,-3.448620789569069,0.21358020115170814,False,True
06784000,0.0006077441105162327,-227.6343381198611,0.004354749416779449,8.444675670831839e-05,0.009189491645804918,0.00268750683110084,-97.93724185151278,0.3815663059541045,True,True
06853800,0.0033983388299663395,-4.70340113240259,0.14917800385930155,6.58669074594814e-05,0.008115842991302961,0.0022315645417121353,-23.20346574158917,0.37979894850019347,True,True
06878000,0.00457152602814882,-2.423831639064696,0.22604838556003998,7.15541446239974e-05,0.00845896829548364,0.0014042945620927894,-4.887606344217644,0.670923927496027,True,True
07142300,0.0004828845398967995,-82.30789988854097,0.011861284663976297,1.9425526066076285e-05,0.004407439853937463,0.003793323210623743,-296.42549533701754,-0.005937685797087684,True,True
07197000,0.00491094531389612,-1.714614191718467,0.26920696158148705,6.546939253712418e-05,0.008091315871792683,0.0026849361098802453,-0.04584199866641603,0.3570301766736595,True,True
07290650,0.033167907225052896,-0.37280125071150105,0.4214427987595433,0.001510232479590359,0.03886170968434558,0.009308027297235075,0.3280393149989458,0.4385362311761935,False,True
07291000,0.0024754375445908074,-799.4404573068932,0.0012477533307469065,0.004904931860073248,0.07003521871225396,0.006286843292704466,-26.858494614855694,0.0259776154850996,True,True
08070200,0.17787939267273586,-0.22255345966288598,0.4499329344148503,0.038682909789123386,0.19667971372036158,0.01818299570123541,-0.5183814496062786,0.45792743809927,False,True
08079600,0.229671436957948,-0.004822688554205312,0.4987972281584454,0.05300336080315086,0.230224587746728,0.012412269890758871,-0.3642599914418445,0.05517213892444221,False,True
08178880,0.09875140890004304,-0.9215254184237791,0.342286941504524,0.018738409896268193,0.1368883117591425,0.02563909517272506,-0.023388378893847594,0.06081338858846177,False,True
08189500,0.0031399179259871015,-15.716447740381277,0.05644472383257113,0.00016480887218191757,0.01283779078276,0.0030850035135431817,-175.69298551846174,0.16262080893019942,True,True
09430500,0.015513225953682144,-0.08256089205408457,0.48017803648164814,0.0002605292985905876,0.016140920004466524,0.004620598095971043,-1.3168713032805184,0.25848969146275763,False,True
09510200,0.02117185097523675,-0.049964262877155274,0.48781338197402774,0.00047064361833562936,0.02169432226034336,0.007590267797389827,-0.32892060163688064,0.4057514281369955,False,True
11151300,0.000602615334966783,-2.687625820180488,0.21332760727081604,1.3391437706430435e-06,0.0011572137964278872,0.0005908525868185492,-25.855150775980896,0.008272540070829688,True,True
12488500,0.009218741663885319,-0.07745799557756605,0.4813575062065138,9.156798094587605e-05,0.00956911599605084,0.0061862374494978,-1.15789934751442,0.35566957462397725,True,True
