basin,std_obs,NSE,NNSE,MSE,RMSE,MAE,KGE,Pearson-r,low_var_flag,neg_basin_flag
01052500,3.504661679757918,-0.10051203413802123,0.4760743969792898,13.517207976412092,3.676575577410601,2.114373218610879,0.21824987398608497,0.27817019670911075,False,True
01078000,0.004984973625852713,-40.37008786090598,0.023601555967569274,0.0010280451133671778,0.03206314259967631,0.02918392000392231,-5.592602040442985,0.17751175491851778,True,True
01170100,0.007362651243276811,-2.970524467289315,0.20118601298131258,0.00021523670497557862,0.014670947650904443,0.010965908014131725,-0.05590560498144437,0.2684384905551234,True,True
01195100,0.009691993439698808,-2.3523474103702084,0.22976107045529723,0.0003149018717731715,0.01774547468435746,0.01542259632748864,-21.788187249764995,-0.07502919724727009,True,True
01411300,0.18439511503638875,-0.271517235855955,0.44023438793022374,0.04323356761422706,0.20792683235750758,0.14466073413922945,0.13820318174383883,0.4284829246637579,False,True
01440400,0.011448121503026317,-1.5640178979419028,0.2805822048698087,0.00033603886766587457,0.018331362951670413,0.01386773740238931,0.05733468287486565,0.1242908280500644,False,True
01466500,0.12671855774425966,-0.24524843941652796,0.44538501060482627,0.019995692470602813,0.14140612600097216,0.0959943168349727,-0.002816702432886453,0.5616106791175283,False,True
01484100,0.04503032874455597,-0.8480268983149328,0.35112027930342277,0.003747300519179236,0.06121519843289929,0.0402869572933372,0.1695705675546525,0.22048267787373946,False,True
01605500,0.3159172354293647,-0.17164609813404308,0.4604801863707149,0.11693461526410938,0.34195703716126297,0.2034890577939828,-0.058143937283713365,0.29044141120432654,False,True
01606500,14.06328035544306,-0.0029090085004324084,0.49927380412987155,198.351185997292,14.083720602074298,9.355289742431806,0.19464932002826918,0.3054813738168413,False,True
01620500,0.35815707054330054,-0.14228589438603123,0.46679110506237786,0.14652842188728593,0.38279031059744173,0.30761597208002683,0.030939978965859316,0.3682383635434293,False,True
02014000,0.004141553396481093,-12.387081248687943,0.06950680146407019,0.00022962143635738645,0.015153264874520818,0.013101121178200259,-5.698672322525392,0.15560835826152378,True,True
02028500,0.011954534419572836,-0.3759360531906344,0.4208867484699785,0.00019663625033207924,0.014022704815123195,0.009267436237051861,0.292596465041817,0.2933259041106901,False,True
02074500,0.02933944501014545,-0.0042605958750443484,0.4989371152923395,0.000864470567357119,0.029401880337099513,0.012364185024183927,-0.4633935295546001,0.31448118138239595,False,True
02108000,0.021899176343657303,-0.20432025749774807,0.453654588800612,0.0005775605922798974,0.02403249034702599,0.014703902969579073,-0.24382727933682902,0.24254032402225595,False,True
02137727,0.013226703203797444,-1.226182559787421,0.30996386021809375,0.00038946101647535555,0.019734766694221535,0.011914724093680596,0.1738601948082923,0.3273725547174332,False,True
02140991,0.01485936682650303,-0.1975230816688538,0.45505779135688307,0.00026441403347582696,0.016260812817194194,0.007598568628081658,0.08363517791887976,0.3143945189063773,False,True
02177000,0.05351513734874234,-0.09426809431565264,0.4774937854013249,0.003133841485695287,0.05598072423339383,0.04209141748194462,0.15674776297322934,0.31382776394171924,False,True
02196000,0.04211700161687452,-0.1443328751914006,0.466345506133576,0.002029865515961084,0.04505402885382265,0.024187007607431043,-3.3127137739921046,0.33697594556026617,False,True
02361000,1.4237367822225555,-0.34203871851870704,0.4269784235815196,2.72034794588227,1.6493477334638291,0.8974353514256377,0.10923915040813048,0.2983218198124545,False,True
02374500,0.006482397681806576,-2.1942715308000693,0.23842042477618208,0.00013422801630406592,0.011585681520914767,0.009833877133863309,-0.0975024506573623,0.3528922238156016,True,True
02422500,0.039671671765276875,-0.14071232144431622,0.4671342290987098,0.0017953004374224898,0.04237098579715239,0.022495734033747394,-3.1277125143548794,0.2794559420083455,False,True
03159540,0.01236523915806362,-3.162859453170804,0.19369111421110707,0.0006364976279832909,0.025228904613226688,0.020355124111639374,-0.44714149473499165,0.5056200438107832,False,True
03173000,0.027298534140496388,-0.06955519821870548,0.4831956165560182,0.000797043193134823,0.028231953406288115,0.019945602336835823,-0.512757678972853,-0.07893982117899483,False,True
03241500,0.030496990297004353,-0.8032354900343268,0.35673064341367716,0.0016771287715400735,0.04095276268507503,0.030391072249052145,-41.15740645695145,0.3938632415047456,False,True
04056500,33.979780891651124,-0.15523620987209985,0.46398626536594056,1333.8651973524438,36.522119288897294,22.66834889208242,0.01456844737962304,0.5692274522806131,False,True
04057800,0.1538200389553778,-0.02073623492981347,0.4948691386408148,0.024151236235326792,0.15540668015026507,0.06431184199939396,-0.1057619532147076,0.4061693603831181,False,True
04063700,0.006272409328713661,-3.8230520460623305,0.17173124885191793,0.0001897539095637961,0.013775119221400449,0.01160415746844433,-1.8987295064701488,-0.04801084110363929,True,True
04115265,0.7770444768429288,-0.2028794085127772,0.4539513130567264,0.7262963242343458,0.8522302061264584,0.4326889266570409,0.1593614672305247,0.35354081641757734,False,True
04122200,0.40444480950038336,-0.44543429486614183,0.4089253193591685,0.23643778772646667,0.4862486891771192,0.35942155454800034,-0.09013478067350644,0.2552107095196224,False,True
04122500,11.134674261923502,-0.03241846703743967,0.49202465743073703,128.00024393815363,11.313719279624788,7.885530742624634,0.12117545518024353,0.3999502596660179,False,True
04124000,10.802079173300712,-0.6396640576974306,0.3788360860102389,191.32406032582054,13.831994083494271,10.964445907839083,0.14343062109290383,0.5220117248915158,False,True
04127997,3.046290329403169,-0.29252840360955656,0.4361996119330574,11.994514648761001,3.4633097823846195,2.6297047497170154,0.13745052304766925,0.5133941588225616,False,True
05056000,9.611675234572544,-0.1671459976494527,0.46143637811417787,107.82596694174795,10.383928300106273,4.804242962097047,-0.4988306239891849,0.051752852568539925,False,True
05057000,18.92141221357965,-0.139738028004476,0.4673469307514257,408.0488266061065,20.200218479167656,8.290665896824477,-0.42975929199992025,0.23786332895685755,False,True
05057200,0.30716520779279144,-0.046724141667092045,0.4885856279515435,0.09875890936572258,0.31425930275128305,0.11883503588143195,-0.3571479147662324,0.3286156461925035,False,True
05062500,0.03019265967001476,-0.2960829264888789,0.43552433950161323,0.0011815049160557737,0.034373025995041134,0.019091325047111214,-3.343178433471466,0.14441931238022793,False,True
05087500,0.2574408724510482,-0.010457618127939217,0.49739919458295345,0.06696888984524928,0.25878348062666073,0.10656743481200205,-0.23848729313939776,0.3021730689440149,False,True
05120500,0.01861143057456143,-0.8438515506506699,0.35163579469230777,0.0006386831610909588,0.02527218156572477,0.018179777305760605,-6.83720019962116,0.08744501362083817,False,True
05129115,10.71110921180738,-0.09154950150756491,0.4781144310852846,125.23113898939646,11.190671963264604,6.303361072371271,0.033174711360547615,0.4430966826323732,False,True
05131500,0.015109445779620324,-4.50053803341901,0.15383342038136524,0.001255747265248731,0.03543652445216278,0.032712500698714946,-20.301096119794902,0.03444121614676809,False,True
05408000,0.79057355858559,-0.17390360188736276,0.46000199784931095,0.7336974420497642,0.8565614058838772,0.25345458909086577,0.022330161227688272,0.26537037804905983,False,True
05489000,0.05362235329500716,-0.08431624232542356,0.47977364456188426,0.003117796051329992,0.05583722818451854,0.020838807620727554,-9.026066334678825,0.17368618327499669,False,True
05525500,0.05214379797853842,-0.03755977032704649,0.4907831488248765,0.002821099769227512,0.05311402610636396,0.02016121853305138,-6.0222013488741934,0.34517617057322614,False,True
06191500,1.783154014962892,-0.17108530659694976,0.4605991284457827,3.723627624420545,1.9296703408666842,0.9160978242673382,-0.265168014940355,0.5399217211377126,False,True
06278300,2.3336770457201865,-0.05386108438857695,0.48688784631103443,5.739378634457568,2.395700030149344,0.8453942336023615,-0.35453619385625945,0.31236073232449724,False,True
06280300,0.0036999121645165537,-35.03233530679259,0.027003427996521105,0.0004932592502378064,0.022209440565619982,0.021784433940279596,-12.435665959317967,0.03556469495488178,True,True
06289000,0.13247564655945485,-0.35317120894542176,0.42495845444588454,0.02374787993033558,0.1541034715064381,0.08259137655151262,-0.5584326899172132,-0.012809757354881718,False,True
06311000,0.682777205238238,-0.04591795175394209,0.4887781541496869,0.48759095910665634,0.6982771363195679,0.30793089845045674,-0.33074046780407174,0.20686817523468531,False,True
06339500,0.009292393223263444,-2.1956324936233873,0.2383430868932924,0.00027593830187239095,0.016611390726618616,0.014013619225007157,-16.140638223557943,0.05563549314707626,True,True
06350000,0.043893734826354815,-0.15038902609552673,0.46503213505311897,0.002216408471557789,0.04707874755723424,0.018073668156220617,-44.51938659399375,0.078627913386277,False,True
06352000,0.1655031446250788,-0.061607554046516855,0.4850583701234521,0.029078801314131875,0.17052507532363642,0.05644546745236724,-0.5333975413516785,-0.06277373825542767,False,True
06353000,7.555658528847733,-0.16126677856781235,0.46269160749449967,66.2943697575064,8.142135454382124,3.3630166491680478,-0.48465120892741487,0.2512404425723992,False,True
06404000,1.810005889698606,-0.016877062850761293,0.4958160407588487,3.331412626180552,1.825215775238794,0.38991327713970475,-0.3783648957684005,0.5134391049672851,False,True
06406000,3.9672692943535224,-0.0015415261391154012,0.49961491527430635,15.763488081675249,3.9703259414908554,0.8633107083002133,-0.35531599445192086,0.62196775488294,False,True
06408700,0.15925380799853373,-0.025168115708556815,0.4937861663154441,0.02600008345891994,0.1612454137608879,0.06386479208165989,-0.19704433136739863,0.45427351038009073,False,True
06440200,0.2790914619520673,-0.015588818238129853,0.4961329369122626,0.079106289052752,0.2812584026349293,0.035009979133746386,-0.6103359256695569,-0.07859080640844482,False,True
06447500,4.496111043289304,-0.052001863683488914,0.4873289920921071,21.26623294268338,4.611532602365875,1.6409352601356366,-0.3038215446484889,0.5176353386876377,False,True
06450500,0.06491480374493688,-0.013380455972259675,0.4966771168527614,0.004270316073431013,0.06534765545473696,0.016256455957025382,-0.7182334599882707,0.05470428386455652,False,True
06453600,12.358726860251135,-0.11334268218847177,0.4731840266266946,170.0498788883205,13.040317438173064,4.84012336540422,-0.37597192347076236,0.4386339022084551,False,True
06468170,6.782060910985787,-0.11170698476106433,0.47355054807149205,51.13446379121324,7.1508365798145075,2.3509236059486787,-0.6281805268019331,0.04023697139735645,False,True
06468250,8.052503534761238,-0.11730610671107433,0.47229826468188574,72.44927113936981,8.51171376042274,3.0006264891161845,-0.537555909012726,0.10278811300486951,False,True
06470800,0.07468903315640261,-0.009650747420994144,0.49759889935269125,0.005632287901942644,0.07504857028579988,0.02668125040835007,-0.3824651402404944,0.06515324651366418,False,True
06479215,0.9146708285713719,-0.1970388181256506,0.45515809358940923,1.001469877519457,1.0007346688905392,0.5008911921280823,-0.43837354518076377,0.18964736552042605,False,True
06479438,4.245832965445173,-0.049986151665827316,0.48780817333199833,18.92820280371268,4.350655445299326,1.8674248167630871,-0.29512416319392853,0.31713027898353185,False,True
06746095,0.0714613547758494,-0.015294785444860626,0.49620532302387604,0.005184831493063458,0.0720057740258617,0.03687222229337705,-0.14429524538670435,0.5382812076048769,False,True
06847900,0.017131668173072913,-1.3337972094959354,0.29995825695444694,0.00068495560514435,0.02617165652274135,0.009678239188748534,-26.77260380837155,-0.011815524128219871,False,True
07057500,0.021972700601643046,-0.1527275053255197,0.46452697683573624,0.0005565363458919121,0.023591022569865682,0.013631732106705895,-0.6762451947197512,0.3354986952192316,False,True
07142300,0.3762541224870051,-0.10238382804896085,0.47565053852607536,0.1560613529353091,0.39504601369373304,0.1654957100680012,-0.4676203295491579,0.05657379442702819,False,True
07180500,0.013586907098665403,-1.733934662888811,0.2678140059436219,0.0005046953961892457,0.022465426686115838,0.019202514096674252,-15.75922080758842,0.3970758377677035,False,True
07184000,0.00034239513203574974,-5549.339286764972,0.0001801367108625687,0.0006506908428411614,0.02550864251270854,0.02315564985259113,-3383.789416135405,0.3052237234540652,True,True
07208500,0.2274045886948886,-1.3138661158476665,0.30176234194186996,0.11965660433358333,0.3459141574633558,0.2720293560887427,-5.459739595549675,0.05074452699211572,False,True
07292500,0.003339854037426359,-34.70442729608345,0.027244669748782733,0.0003982694970174159,0.019956690532686422,0.018850624235092057,-13.787316350687336,0.050859912257577036,True,True
07299670,0.45232290640180034,-0.0004980314811013908,0.49987552312642547,0.2046979069104842,0.452435527904788,0.03237590383204109,-0.42226330097772524,-0.004063139893992311,False,True
07301410,0.10514322147017768,-0.12411767762995907,0.47078370964633964,0.012427229989362975,0.11147748646862726,0.03141368244774685,-0.5434118367165861,-0.15274221501653767,False,True
08104900,2.577931661940284,-0.04350822713889424,0.48935452606427476,6.934875655924651,2.6334152076580426,1.1610547192035505,-0.09043714115381829,0.34229722247807015,False,True
08164000,0.03088671937897295,-0.6591743622182353,0.376056573877998,0.0015828348107122915,0.03978485655010323,0.02225533748972872,-0.5006675883662242,0.11604948328772649,False,True
08171300,0.030864131557791784,-0.8314054964586788,0.35318148575000263,0.0017445870171350142,0.041768253699849774,0.035206023000757425,-1.0994969868492923,0.11872683794451444,False,True
08190500,0.04846534180893126,-0.10227628340403738,0.47567487104063455,0.0025891250301826717,0.050883445541577386,0.022685620579397676,-1.716825304292629,0.27432391886729995,False,True
08194200,0.07386319289921549,-0.14253452172171932,0.46673693696025487,0.006233407013184608,0.07895192849566506,0.030142330474023368,-22.821850927578158,0.09086068255074765,False,True
08267500,0.015538872568228003,-1.050804489869904,0.3277823942243651,0.0004951801987749372,0.022252644759105312,0.019370931066943545,-0.6051078514357027,0.018329097275989067,False,True
08269000,0.5363660649598964,-0.25230317675901426,0.4439899611734177,0.36027329214589043,0.6002277002487393,0.48330670166425727,-0.6532624065523938,0.4251512805680965,False,True
08324000,3.3930641870556415,-0.07941513503613695,0.48090445392599374,12.427181860855558,3.5252208244102325,2.5772642292701735,0.0038054728322292064,0.24056246946491042,False,True
08378500,4.697549676272405,-0.030053808221617517,0.49259778038889884,22.7301695344499,4.767616756247286,3.154175987300299,0.0036790556869018554,0.20625804209936308,False,True
08380500,0.0016336335265879698,-173.32565203766833,0.0057036719292231815,0.00046523306550275763,0.021569262052809263,0.020934110209561606,-2505.643019193063,0.009169310436332397,True,True
09034900,0.018874794432544712,-5.3662276341483075,0.1357546969311954,0.0022680186642232932,0.04762371955468507,0.044474036130614354,-7.4172229523436,0.1561478988340034,False,True
09210500,2.542943044598803,-0.44511025483341515,0.4089795124875175,9.344891198487591,3.0569414777662316,2.4027155527060065,-0.12256444616676232,0.4760737975736861,False,True
09306242,0.029336874515129573,-11.877776773784957,0.0720576513299302,0.011083286992808875,0.105277191227772,0.09636413784644739,-6.327922822837318,0.2275091832740914,False,True
09312600,0.18581487385877182,-3.659261809360026,0.17670149105773292,0.1608711122059645,0.40108741217590527,0.3674809960903275,-3.023816324921989,0.33933322287620743,False,True
09352900,0.032025709000013294,-0.3804437354907326,0.42008974423159307,0.0014158466465434003,0.03762773772821587,0.03074869379446351,-0.5067679707988304,0.25558716728338404,False,True
09378170,0.14332943185219338,-0.016200960434060496,0.49598230514914227,0.02087614764735076,0.14448580431084143,0.054425429732407445,-0.35490362467626557,-0.02031584964791111,False,True
09378630,0.10629688516548169,-0.10786859009445471,0.474412875973065,0.01251783799366362,0.11188314436796823,0.061039775291519424,-0.9788335630370695,0.0734019214129022,False,True
09386900,0.06550172481708853,-29.120441624438435,0.03213322008948338,0.1292310305139232,0.35948717712030176,0.30986087647612265,-7.4709045501149784,0.12621786006569943,False,True
09404450,0.6316102144250614,-0.19118754929895432,0.4563735314760888,0.47520219170880185,0.6893491072807753,0.3713120832429567,-0.3773415758110985,0.04764688202613111,False,True
09430500,7.361422358805466,-0.03781760892049402,0.49072105159094015,56.239895761286824,7.499326353832511,2.9604732622493204,-0.1158564903480972,0.1105377863304607,False,True
09497800,15.030433575731601,-0.14211011095336157,0.466829410349472,258.01858762644855,16.06295700132602,11.053582293721018,0.20024226844613047,0.27948645142520806,False,True
09505200,0.1363815783127254,-0.02367220045416829,0.49415117714003887,0.019040236290530005,0.13798636269765938,0.025402209850876226,-14.532660907144926,0.06446023407789483,False,True
10023000,0.45227126336213436,-0.5776282709994571,0.3879535351357149,0.32270275165126117,0.5680693194067614,0.4697711121020045,-0.403296604314902,0.3187068440452237,False,True
10166430,0.26802079566569653,-0.18642691394216038,0.4573672202913864,0.08522715166015056,0.29193689670911854,0.18011732284404022,-0.08499935154053295,0.33101346130883486,False,True
10172700,0.04605426605748588,-21.455885068071964,0.04263322390512542,0.047628829428442813,0.2182403020260988,0.2032211914732334,-2.517474502955976,0.26660231167972853,False,True
10172800,0.1887260110449048,-0.0003652079951590448,0.4999087146702763,0.03563051504333501,0.18876047002308247,0.12451165998543444,-0.19374996189280402,0.33490501399083933,False,True
10173450,2.3199732189011097,-0.0990807396142166,0.47639901654463596,5.9155555971903615,2.4321915214864065,1.8412686851315427,-0.25431476951778853,0.6249476155107814,False,True
10205030,0.46110104015834436,-2.1948550292848306,0.2383872608275779,0.679271447877998,0.8241792571267479,0.7025480783598382,-1.1172027142707348,0.5894067505986278,False,True
10242000,0.005706232876400874,-48.64545533617273,0.01974510828982054,0.0016165103199875677,0.04020584932553431,0.03807533268105838,-52.74665043428407,0.15816799798035433,True,True
10244950,0.029828864396598924,-20.298404369025818,0.04484625820980609,0.018950492789909165,0.13766078886127728,0.126456077063774,-4.256099944440046,0.368667126054378,False,True
10249300,0.25185047846454767,-1.4487971961880968,0.2899561624282474,0.15532393334366776,0.39411157473952446,0.3663322061163871,-1.077529503757447,0.4170903643078336,False,True
10259200,0.0018813203329935174,-226.98695822697155,0.004367060935447692,0.0008069293329257592,0.028406501596038875,0.027362958835629645,-2022.9341290989623,0.3084384631963315,True,True
10263500,0.4681362874312179,-0.032880174175438315,0.4919129089374944,0.22635732584979995,0.47577024481339725,0.22335441629476174,0.157121284671364,0.28970825352519236,False,True
10316500,0.05510638526215448,-0.06130004244750498,0.48513073274506896,0.003222864375167235,0.056770277215874465,0.03200281846755307,-0.5963272210673702,0.19495855325721959,False,True
10343500,0.061911892247483065,-0.12162172179574404,0.4713375573632411,0.004299268483139289,0.06556880724200563,0.04138860934828295,-0.723981778192957,0.23906783914426014,False,True
10396000,3.3486624002406615,-5.875862794720354,0.126970215970542,77.10276159464763,8.780817820376848,6.744452422023099,-1.8618600057745849,0.7343096509925227,False,True
11098000,0.06278567379009503,-0.08500456901181686,0.4796152559387185,0.004277132315335855,0.0653997883432038,0.03493873391046796,-9.940900846851537,0.4824250702646255,False,True
11151300,0.0005806752936372034,-1250.4379569197336,0.0007984427447882659,0.0004219646015744171,0.020541776981907314,0.020089077304389923,-3608.1275026586527,0.07036304049094447,True,True
11176400,0.016219205048483547,-3.7706734839836162,0.17328999860683145,0.0012549858296268203,0.035425779167533075,0.032130198135238035,-38.765453886493106,0.2234487036442969,False,True
11224500,0.02362747823154338,-25.055973389849846,0.03696041482562789,0.014545948494556099,0.12060658561851463,0.09850586325329741,-74.23255457384923,0.0800762585236297,False,True
11274500,0.008167022148338855,-5.291686001947546,0.1371424934827019,0.0004196570341051694,0.020485532311979825,0.01970326731936336,-18.376085542700835,0.34554766793454095,True,True
12374250,0.009862101953813695,-2.278669616393051,0.2337175079301886,0.00031888686571442755,0.017857403666670796,0.015094415381516395,-0.6872353149039827,0.46119489937643227,True,True
12447390,0.041478463173572046,-0.14939181238479526,0.46524788744332235,0.0019774859790949745,0.04446893274067835,0.03557737956621817,-0.254431346816846,0.34660643311117095,False,True
13018300,0.059060395185365565,-0.07249224462915649,0.48251085261790017,0.003740992672967922,0.061163654836576944,0.039109283303111544,-0.8253218449551019,0.37278252556940406,False,True
13338500,0.05570266997839132,-0.2657538423038628,0.4413542112691202,0.003927365127477014,0.06266869336021785,0.0430621806445632,-3.9198481853614853,0.347654406289919,False,True
14020000,0.04067744201176292,-1.0091273696615577,0.33232225730360887,0.0033244112185949895,0.057657707365060824,0.04599863140522933,-10.969114340647847,0.17806952480274063,False,True
14308990,0.06929184484569109,-0.08689585260957844,0.4791805967458992,0.005218578012334009,0.07223972599846991,0.04708194913639201,-0.3338690851032451,0.48083045470968006,False,True
