02215100
02216180
02221525
02231000
02231342
02235200
02245500
02296500
02297155
02297310
02298123
02298608
02299950
02300700
02310947
02312200
02314500
02315500
02327100
02349900
02350900
02361000
02363000
02369800
02371500
02372250
02374500
02381600
02384540
02395120
02408540
02415000
02422500
02427250
02430085
02450250
02464000
02464146
02464360
02465493
02469800
02472000
02472500
02479155
02479300
02479560
02481000
02481510
03010655
03011800
03015500
03021350
03026500
03028000
03049800
03050000
03066000
03069500
03070500
03076600
03078000
03140000
03144000
03159540
03161000
03164000
03165000
03170000
03173000
03180500
03182500
03186500
03187500
03213700
03237500
03241500
03280700
03281100
03281500
03285000
03291780
03300400
03340800
03346000
03357350
03364500
03366500
03384450
03439000
03455500
03456500
03460000
03463300
03471500
03473000
03479000
03488000
03498500
03500000
03504000
03574500
03604000
04024430
04027000
04040500
04043050
04045500
04056500
04057510
04057800
04059500
04063700
04074950
04115265
04122200
04122500
04124000
04127997
04185000
