basin,std_obs,NSE,NNSE,MSE,RMSE,MAE,KGE,Pearson-r,low_var_flag,neg_basin_flag
01078000,0.004984973625852713,-3.8966035131798717,0.16958915378401088,0.00012168041147860599,0.011030884437732362,0.006287788720313602,-0.4634288248902323,0.2805495078775738,True,True
01170100,0.0073846827799371505,-2.0879665684965643,0.24462039579931572,0.00016839774764158542,0.012976815774356413,0.0070999675885496764,-0.19289827052140018,0.5677586570012163,True,True
01195100,0.009691993928290548,-2.9489145910527297,0.2020645096215493,0.00037094029029468217,0.019259810235168002,0.0017997838686865258,-0.6207687040899457,0.3473850634782234,True,True
01411300,0.18439511459111282,-0.1961743418211812,0.4553372566818845,0.04067179160253769,0.20167248598293644,0.11416490727068081,0.12581981544300203,0.38438265319397835,False,True
01440400,0.011494481442825409,-6.85092796933806,0.11298250346904447,0.0010372889697587697,0.032206970825564604,0.024999229991901017,-0.5304829000905318,0.23784257750737398,False,True
01466500,0.12714425079296252,-0.3145519937590797,0.4320490542862652,0.021250601253463484,0.14577585963891102,0.09391889612412019,0.1668415253574249,0.21029870581258236,False,True
01484100,0.04503032901267378,-5.836350395612866,0.1276104244342933,0.013862276417727384,0.11773816890765451,0.038211706916056236,-0.7589308063817315,0.08736483174374128,False,True
01620500,0.3587617397598436,-0.32482920339917865,0.430139125290529,0.17051874810996429,0.4129391578791775,0.35078664377836416,0.0125270679100975,0.5280936831699038,False,True
02014000,0.004141553396481093,-6.7502921368445445,0.11428189874819555,0.0001329366110201223,0.01152981400631087,0.004619668548791272,-1.4433876824993335,0.3707917175870167,True,True
02016000,0.0007518599556405689,-157.67058676485811,0.006262894251604829,8.969543434508011e-05,0.009470767357774136,0.0037900913188755546,-471.40017375502475,0.006758519951484388,True,True
02028500,0.011954534419572836,-1.5663285721310727,0.28040041173279956,0.00036675630845906524,0.01915088270704683,0.010767917482996471,0.03076332334134524,0.48255300741730933,False,True
02053800,0.08650568948883766,-0.0960624188397452,0.47708502905821876,0.008202091902880779,0.09056540124617557,0.04335312259470637,0.4183685564616849,0.6512986376562256,False,True
02081500,0.00022877395532985585,-8749.255970127424,0.0001142693121322835,0.0004579667199184237,0.021400157006863842,0.004711283918644879,-2114.2068536435663,0.011902643679909746,True,True
02137727,0.013230158515496882,-13.921678385246643,0.0628074488005373,0.0026118472273067702,0.05110623472049932,0.01561280708336415,-2.3199994076275217,0.5234377613625233,False,True
02140991,0.015022783407502701,-2.17045701786309,0.2397818741967019,0.0007155214891778531,0.02674923343159301,0.008443820788387508,-0.20511523227625106,0.5379571793069893,False,True
02369800,0.061047732041231234,-0.039500591579151756,0.49031611176229983,0.00387403740279172,0.062241765742881365,0.019614951100303202,0.2404641287646263,0.4238948289918693,False,True
02374500,0.006482397980798013,-4.716387671100608,0.14888955923476807,0.00024021109066638114,0.01549874480938315,0.008650199526419452,-0.5355633108035212,0.3038893992475619,True,True
02464146,0.05303909819007552,-0.2699231215653288,0.4405435543166786,0.0035724790695007957,0.05977021891795943,0.009548074310761673,0.3263921509604736,0.647510122177225,False,True
03159540,0.012379972461035338,-24.45591211577949,0.037798734574853506,0.0039014677394074463,0.062461730198638,0.018788400759125124,-3.4847886497092526,0.49912286967036495,False,True
03173000,0.027298534567297708,-0.0034383381478375608,0.49914189069801457,0.0007477722734570707,0.02734542509190652,0.010508590178592831,-0.40453622483441687,0.575718835841437,False,True
03241500,0.03049699017202899,-0.9428111225191169,0.33981113920215716,0.0018069433651606637,0.04250815645450487,0.010770938566242434,-13.887428630271225,0.5011597506114845,False,True
04063700,0.006272409328713661,-0.9740359035377524,0.3362434188539735,7.766472904255868e-05,0.008812759445404071,0.005352919684868167,-0.3431022452119048,0.40360237872960214,True,True
05120500,0.018611432099436064,-0.05979070531359598,0.48548621829408317,0.00036709603245476335,0.019159750323393135,0.004536578823478079,-1.395037375418378,0.0806918922057307,False,True
05131500,0.015109445779620324,-5.50835854700233,0.1331849023644781,0.0014858280039155222,0.03854643957508296,0.01692138579260225,-9.62096843389492,0.3508654363514856,False,True
05466500,0.027242966490473332,-0.802654106130466,0.35680464378840804,0.0013378924241880974,0.03657721181539262,0.011885369988291842,0.19125600183785818,0.574091770427605,False,True
06280300,0.003738169419797857,-1.4386357140257822,0.29081300933423104,3.407727748086119e-05,0.005837574623151398,0.004588702962368349,-1.6195415807502322,0.17723537622547456,True,True
06339500,0.009292393223263444,-0.004726788574477725,0.4988210890876959,8.675672325843355e-05,0.009314328921529105,0.0027567856567179997,-1.028874247215818,0.3064335443309106,True,True
06614800,0.17105081778834202,-0.3522691478182649,0.42512141985431484,0.039565207653466786,0.1989100491515368,0.16866681638766243,-1.3572538031010444,0.6419732548045701,False,True
06847900,0.01713166809588159,-7.736852418074525,0.10270259392488063,0.0025642142157001743,0.05063807081337296,0.0038615871382965098,-1.3760079033118968,0.15855091972384208,False,True
07057500,0.021972700418129782,-0.674363415503834,0.373920759685387,0.0008083819264216905,0.028432058075730123,0.006499630478418274,0.15151205533769496,0.425358362106276,False,True
07068000,0.03311355842422535,-0.5475690278923013,0.3925310714062721,0.0016969214350878007,0.041193706255783794,0.009741335784919815,0.17947644005755925,0.21588431996350624,False,True
07083000,1.2648703272762198,-2.3702582009388444,0.22881943217569484,5.392065798949588,2.322082211927387,2.1428636923599345,-0.053382707068564184,0.9342982445474922,False,True
07142300,0.3785382227728042,-0.07682366204042523,0.4815045293819149,0.1542993397543107,0.3928095464144306,0.20844260708518664,-0.26706887408706814,0.4317226086169935,False,True
07180500,0.013647000091820651,-17.667282635227018,0.050845865112491534,0.0034766061331428693,0.05896275208250434,0.008554837887930725,-2.938124261289328,0.5800821959560499,False,True
07184000,0.00034239513203574974,-21245.383688422502,4.7064618150840406e-05,0.00249080760567417,0.04990799140091865,0.00998340590968864,-815.1577056062685,0.3729105121815005,True,True
07208500,0.2274045898077829,-1.3666374998064557,0.29703227628679624,0.12238556403396902,0.34983648185112004,0.3205369751699461,-7.029625712744595,0.48468270396356933,False,True
07292500,0.003339854037426359,-63.65685633463984,0.015230701800634504,0.0007212229855301176,0.02685559505075465,0.005061077650617988,-6.118627919540283,0.0771836486461987,True,True
07359610,0.057707593098338235,-0.03987768846742501,0.49022547070030814,0.00346296563550748,0.058846967938097544,0.026141539468471975,0.3060538954492217,0.7547254451649961,False,True
08164000,0.0312084390064552,-2.198278542256958,0.23819286641767431,0.0031150166862455226,0.055812334534988975,0.02313428720643249,-0.16667120539695235,0.3481775240032018,False,True
08171300,0.030864131619744033,-1.2204172371442525,0.31051877019723173,0.002115157515681908,0.04599084165007103,0.012027643238438707,0.006882463160784447,0.24800837959827873,False,True
08202700,0.0637169331706486,-0.05163456801722188,0.4874162365895591,0.0042694760483036305,0.06534122778387035,0.019772408308648206,-0.23155348993752645,0.3338938255506148,False,True
08267500,0.015538872568228003,-0.7555495892315658,0.3629040115655722,0.00042388896593945546,0.02058856396010794,0.01476681915956268,-0.47863883853022493,0.4164270881047527,False,True
08271000,0.4433854785837253,-0.11386666040191362,0.47306673534927135,0.21897580711486797,0.46794850904225344,0.39137428619136466,-0.7104891340163928,0.7391922242689796,False,True
08380500,0.0016439958676073981,-26.544294817640967,0.035033270444711745,7.444458294593571e-05,0.008628127429861923,0.008251166385173678,-951.322817096349,0.036878545395371574,True,True
09034900,0.018874793859223325,-2.664606233074535,0.2143803678238624,0.0013055447128756587,0.03613232227349439,0.03104459973387585,-4.8319238000340885,0.42603150370943205,False,True
09306242,0.029336874443645678,-2.70296961755271,0.21263160966801467,0.0031869689557384555,0.05645324575025298,0.04868822468501502,-2.389436206666833,0.14300878828538194,False,True
09312600,0.18581487706857938,-0.5290558499476039,0.39540447476504625,0.052793969038231095,0.2297693822906592,0.2045053283987115,-0.9994442872322662,0.5225617025122147,False,True
09352900,0.032219391255088596,-1.9651954666454379,0.2521943769006681,0.0030781373093040233,0.05548096348572205,0.021381785707995534,-0.20354220311946913,0.5958964638459727,False,True
09378630,0.1062968866327806,-0.6990753881688827,0.370497246717671,0.01919790056822914,0.13855648872654483,0.11443130411780499,-3.428750247007807,0.35589456577964645,False,True
09386900,0.06630839617415053,-11.894058162331138,0.07197321245646927,0.05669263880904286,0.23810216044597926,0.22871267808874104,-5.081556488994883,0.2391111692655479,False,True
10166430,0.26916028697715305,-0.6238935064746378,0.38111302822787246,0.11764663521492301,0.3429965527741103,0.2795586227230371,-0.5639108604919871,0.4248213266065855,False,True
10172700,0.046054266283253216,-5.7474422120570745,0.12907485756314965,0.014311294182928537,0.11962982146157594,0.10959370235835074,-0.9697130339239712,0.20046431857129612,False,True
10172800,0.18969897129580715,-0.3796559362979304,0.42022881742968116,0.04964788422768469,0.22281805184428996,0.19087257679477793,-0.6569156935713318,0.45301329631640547,False,True
10242000,0.005706232876400874,-3.370031515417388,0.18621864641371189,0.0001422930053820252,0.011928663185035665,0.010123888146669131,-12.474686305653256,0.14773253410487264,True,True
10244950,0.029972260512021065,-3.709960447903409,0.17513256162171514,0.004231128913856083,0.06504712840591875,0.057640960516990074,-1.3976883271288445,0.20644820714314327,False,True
10259200,0.0018813214063554396,-59.31254206024517,0.01630987668098003,0.00021346841610558084,0.014610558377611063,0.012671617711929409,-918.9325999721439,0.5049890416695436,True,True
10316500,0.05542675311992643,-0.006048917402609488,0.49849233053338454,0.003090707991559382,0.05559413630554379,0.01661683855752244,-0.3594685634772974,0.1530546480805425,False,True
11151300,0.0005843598055584847,-72.10312199128398,0.013494708092293603,2.496298963624618e-05,0.004996297592842742,0.0042207567811286964,-719.6240229016281,0.08912863229483703,True,True
11224500,0.02377695630511717,-0.8914282475044337,0.34584984111678757,0.0010693069513048844,0.032700259193237054,0.007239189762325372,-2.6320139730581253,0.19259535326719623,False,True
11253310,0.0023474923838413555,-2.7105580472796538,0.21228907275168804,2.0447848268616264e-05,0.004521929706288706,0.0033545395978611193,-6.727929395087335,0.0163180799601465,True,True
11274500,0.008167022148338855,-0.9626428662681779,0.3375364649535454,0.00013090877135489936,0.011441537106302604,0.002582331677107007,-0.09394244613517921,0.4790785225350689,True,True
12374250,0.009923650523405991,-10.824156264013254,0.07797783958747982,0.0011644291894379833,0.034123733521377514,0.03225829947487065,-2.6932796575244886,0.41094670022235846,True,True
