basin,std_obs,NSE,NNSE,MSE,RMSE,MAE,KGE,Pearson-r,low_var_flag,neg_basin_flag
01078000,0.004984973625852713,-14.314644925626071,0.061294622381223865,0.00038056834521788083,0.019508160990156936,0.016240571753444975,-2.380909835822106,0.31818036265712074,True,True
01170100,0.0073746416531355165,-6.36597713345597,0.11953176348055612,0.00040060116724182,0.020015023538377866,0.017107049503282207,-0.7044638129912486,0.5971947288231351,True,True
01195100,0.009691993439698808,-1.034826594996161,0.32950811807462266,0.0001911409007061587,0.013825371629947555,0.010991948220081742,-16.024705434735868,0.49162745213344483,True,True
01440400,0.01145941999381803,-11.77597017405779,0.0725901687768713,0.0016777187683618734,0.04095996543409031,0.038460846324138875,-0.35040607521257794,0.33185540028553995,False,True
01466500,0.12680552141604728,-0.24477424941893555,0.4454790945053169,0.02001552213755419,0.1414762246370541,0.09081672061045644,-0.07541156012843553,0.6256073762339424,False,True
01484100,0.04503032874455597,-1.244052866759597,0.308256382085066,0.004550334456896439,0.06745616693006236,0.04203528104845608,0.2012783651171809,0.352368953036163,False,True
02014000,0.004141553396481093,-28.24470869322436,0.03306363470526755,0.0005016188287233766,0.02239684863375597,0.020953861831966278,-9.110587954114065,0.42339006738173635,True,True
02028500,0.011954534419572836,-4.109695335139236,0.1636742824553969,0.0007302311242671457,0.02702278898017645,0.023909616810535435,-0.2919240136391259,0.5380522465526315,False,True
02056900,0.05505391689532778,-0.30341835788759686,0.4341373752517425,0.003950574711517095,0.06285359744292363,0.04118167640627254,-0.7420913759112071,0.6335614168974442,False,True
02074500,0.02933944501014545,-0.221034223984643,0.45024069832024094,0.0010510699640173882,0.03242020919145014,0.024486028529841483,-1.811095228201006,0.6929629454349711,False,True
02108000,0.021899176343657303,-2.7870424823765694,0.20889724786890573,0.0018161668256374357,0.042616508839151,0.0386679239856535,-2.146396484629886,0.7159285747799686,False,True
02111500,0.07921667985645335,-0.10497085758338054,0.4750659594157297,0.006934004139172045,0.0832706679399898,0.05460040959404638,-0.1644695202410258,0.6452904402997638,False,True
02137727,0.01322786137965635,-6.8096760999505035,0.11351155123689716,0.001366508358428512,0.036966313833387714,0.025068069488833777,-1.1474507029507932,0.6046941127280993,False,True
02140991,0.01489550578448907,-3.4163458499785246,0.18462631960696618,0.0009798815606563529,0.03130305992481171,0.026978963225270037,-1.3362659904700407,0.3922675771377347,False,True
02177000,0.05351513734874234,-0.511410934582452,0.39818254600625935,0.004328484320554151,0.0657912176552019,0.05797776151501887,0.2848999442100739,0.7514463618511613,False,True
02196000,0.04220425690693713,-0.4671093264585706,0.4053326657539968,0.002613214106876517,0.051119605895160396,0.033981977957932646,-5.582834009593234,0.37737837875241614,False,True
02231000,0.04999375602488386,-0.5395798103280678,0.3937659277070793,0.0038479882760416137,0.06203215517811399,0.052563078904113915,-0.7113578631686017,0.7422370205277332,False,True
02369800,0.06087923958275849,-0.3124528764711052,0.43244124460864247,0.004864320225401499,0.06974467883216252,0.04408821137878332,-0.4468798108873444,0.4539215207031875,False,True
02374500,0.006482397681806576,-23.035453334091837,0.03994335499562365,0.0010100053144812082,0.03178058077633586,0.030700947589354804,-2.0094627291008353,0.40767828358594144,True,True
02422500,0.039671671765276875,-0.2641212943348128,0.4416724503683425,0.0019895266054467333,0.04460410973718378,0.026766481287224017,-4.482103914548951,0.37806687736554584,False,True
03159540,0.012383746324237641,-6.219148514431395,0.12166710435322757,0.001107108207806889,0.03327323560772064,0.025438494921401045,-1.1226880842815703,0.5652566982843876,False,True
03170000,0.0756140933212507,-0.03118196548155061,0.4923241821728763,0.005895773719190323,0.07678394180549943,0.03425864528127719,-0.8419906614822374,0.45629666915472755,False,True
03173000,0.027298534140496388,-2.836849617904715,0.20674614242672942,0.002859258574149405,0.053472035440493615,0.04798044468202658,-3.873305498698726,0.6076700309469275,False,True
03241500,0.030496990297004353,-0.06371602949322219,0.484562791444502,0.0009893265564429924,0.031453561903908314,0.015281242774525191,-10.083187515880335,0.350082416229346,False,True
03280700,0.05383633574721751,-0.02128577021609246,0.49473459653015395,0.0029600446810724833,0.05440629266061494,0.031823562351285715,-1.1753026379851335,0.7174554699566644,False,True
03479000,0.03442622137948258,-0.5654853381860219,0.38978979342250697,0.0018553579900988082,0.04307386667225045,0.032890096947110224,-1.131102393820027,0.5912122137046418,False,True
04063700,0.006272409328713661,-31.474521943722323,0.02987346620457222,0.0012776489743807672,0.03574421595700159,0.03533630144916104,-7.322769528226461,0.473960893645586,True,True
05062500,0.030254986849222277,-1.030432816983283,0.3299858668358383,0.001858585570554932,0.043111316038308686,0.03332496531575168,-7.085507932311543,0.33125495487693174,False,True
05120500,0.01861143057456143,-3.172621222047808,0.19332558041126127,0.0014453348542035709,0.038017559813901404,0.033232485592474006,-15.576253580590151,0.1287756344122777,False,True
05131500,0.015109445779620324,-4.318825192240475,0.15825726611775892,0.001214263068251244,0.03484627768142882,0.03011739222152736,-16.46749569409721,0.21450160710256597,False,True
05466500,0.02724296591339867,-1.146410695913889,0.3178224639582677,0.001593021355475388,0.039912671615357796,0.034561179261795395,-1.3656389891191623,0.6599040792261611,False,True
05489000,0.05362235329500716,-0.3412041402311592,0.4271306302667245,0.003856440408447896,0.06210024483404149,0.032953788491161595,-16.890985173134876,0.14033780816888136,False,True
05501000,0.2245953106449882,-0.0019910193144447863,0.4995027401983236,0.05054348665764369,0.22481878626494647,0.057224694561723445,-1.4778332705670514,0.4350266209055884,False,True
05525500,0.051899691932501386,-0.364267225515011,0.42296403266435706,0.003674760215721517,0.06061980052525344,0.03303423064561262,-13.42293840330663,0.1797428810827145,False,True
06280300,0.0037125440810362093,-194.58757527507638,0.005086791464825505,0.0026957803333121145,0.05192090458873107,0.05161979621149001,-30.48906148648674,0.19313288455223246,True,True
06289000,0.13270972416888255,-0.4311544934841771,0.41132721210442824,0.025205308161428172,0.15876179692050657,0.11884973654236042,-0.11676792105208578,0.5090256010420837,False,True
06339500,0.009292393223263444,-34.752808561587145,0.027208804963144175,0.003087203957695054,0.05556261294877207,0.0547914329624002,-70.54583758473366,0.2901731421477863,True,True
06350000,0.04398598862252987,-0.9682024630857462,0.33690424168720584,0.003808013558895932,0.061709104343653634,0.043467137857189156,-112.57017806806083,0.09623356745084144,False,True
06431500,0.15097750316416694,-0.0011070818219711676,0.4997233826635196,0.022819441513306025,0.1510610522712788,0.05652475880458431,-0.9414746784836823,0.6166244706830936,False,True
06450500,0.06505471962035579,-0.6110738743672206,0.38298418509600557,0.006818252398738438,0.08257270976986547,0.054586379571227014,-6.2364780246798155,0.33114670515162276,False,True
06464500,0.11997704708277139,-0.1528239145369228,0.46450617407559885,0.016594314415427816,0.12881892103036657,0.053140167591692634,-3.8042993038833313,0.3595023296070408,False,True
06470800,0.07468903315640261,-0.23243861962609347,0.44794064715091153,0.006875099280556033,0.08291621844100244,0.04930220586668864,-1.4721723137640743,0.7468830864773687,False,True
06746095,0.0714613547758494,-0.011990907708416154,0.497020138693849,0.005167959497281816,0.07188852131795323,0.04224096624249122,-0.24368258322386938,0.8103595920963069,False,True
06847900,0.017131668173072913,-3.0224238082805908,0.19910705232626447,0.0011805574719763034,0.034359241434820754,0.03024288872924359,-115.55708092817066,0.2886181082914848,False,True
06903400,0.07231166532582,-0.14257746290516504,0.4667275826956937,0.00597451120820094,0.07729496237272478,0.03194157361735706,-3.7988139001276044,0.19804071599084166,False,True
07014500,0.06057612274717236,-0.35005044575224087,0.42552278050350717,0.004953965082564,0.0703844093714226,0.04017228934722609,-2.6957859014433905,0.30841178620371257,False,True
07057500,0.021972700601643046,-3.7466356851822544,0.17401485926426621,0.002291673675961692,0.047871428597459804,0.03420015686046714,-2.946804870577139,0.49191785678218186,False,True
07068000,0.0331135588746778,-1.7680299389543306,0.26539067263290134,0.0030351663670642,0.05509234399682228,0.041411703973348354,-2.7610643736322023,0.20278873597143243,False,True
07180500,0.013615273174857875,-3.0053660159178177,0.19978558946935138,0.0007424973832658109,0.027248805171343034,0.022105311331547434,-16.853997292061788,0.3936927269802737,False,True
07184000,0.00034239513203574974,-5984.5163259196,0.0001670420567752128,0.0007017085734270855,0.02648978243449888,0.01998719990113641,-2328.257101757886,0.38759392752958166,True,True
07292500,0.003339854037426359,-192.0289611550869,0.005153869783391265,0.002153165674147748,0.046402216263318155,0.03918965562405237,-27.13379205931673,0.2163210192700505,True,True
08079600,0.5870657098041253,-0.18313704627206673,0.4580564475819802,0.4077636251134274,0.6385637204801314,0.03995755046862378,0.2622509500020419,0.7991894635856981,False,True
08104900,2.577931661940284,-2.6565793828227346,0.21474990927649945,24.30064534845124,4.929568474871938,0.7741143426525118,-0.3926314253395491,0.595161077612755,False,True
08164000,0.030998733347810125,-4.605061122114053,0.15139905316726796,0.005386023568241837,0.07338953309731461,0.04170893086851341,-1.024388088184931,0.2942655446715428,False,True
08171300,0.030864131557791784,-0.16241064702459163,0.46244685364270116,0.0011073061248860184,0.033276209593131524,0.024975116042566387,-0.5884716804565919,0.618717765062418,False,True
08190500,0.04846534180893126,-0.4219321540222296,0.4128934819000803,0.0033399613024705233,0.05779239831042248,0.038918631094521705,-4.058810260992859,0.4432114170741419,False,True
08202700,0.06345403085675015,-0.05436383390016353,0.48676869379146076,0.004245305335616673,0.0651560076709483,0.0340369524392308,-0.9593119492894302,0.6438290250969346,False,True
08267500,0.015538872568228003,-1.5624617708536417,0.28070476662557386,0.0006187232060941008,0.024874147344061882,0.02033766304138647,-0.7764092124394117,0.35608443232839243,False,True
08380500,0.0016370658380737775,-225.22781230306825,0.004400869725692892,0.0006062870436049213,0.024622896734643577,0.0245261211440082,-2920.2376150072964,0.0714736741122097,True,True
09034900,0.018874794432544712,-1.1037200475883484,0.32219400740637666,0.0007494668124397666,0.02737639151604474,0.013792070282726571,-0.4266944399264754,0.29262002339402343,False,True
09306242,0.029336874515129573,-0.46412564242938736,0.40582346240027667,0.0012601029644813552,0.03549792901679414,0.031153486114881734,-0.9262620280625005,0.33128705290559085,False,True
09352900,0.032092987847940325,-0.39943331075514843,0.41676507345198127,0.001441360149430868,0.037965249234409984,0.02775231552817217,-0.13252832044331164,0.5876966230479412,False,True
10172700,0.04605426605748588,-0.11551791829584457,0.4726974852595671,0.002366008397968976,0.048641632353046874,0.041173533906158695,0.07504102386720068,0.3851292823924941,False,True
10242000,0.005706232876400874,-10.322583393769671,0.08115181435944695,0.0003686756981280525,0.019200929616246514,0.018139891592450275,-23.585150597522464,0.14396937970727894,True,True
10244950,0.029876464861432365,-0.5542820982929613,0.3914994356607302,0.0013873571009915349,0.03724724286429178,0.031818291425473814,-0.3136990411586096,0.3631307071095253,False,True
10259200,0.0018813203329935174,-59.021033466849865,0.016387791933141504,0.00021243641686162945,0.014575198690296796,0.01364204267334559,-1000.5426606442772,0.40204365073521525,True,True
10316500,0.05521256301383604,-0.2341277244314186,0.44760198312050314,0.0037621484179830383,0.061336354782323334,0.026679456877711963,-1.1771033916217468,0.002254805194528922,False,True
11151300,0.0005818957095809165,-1289.1187881740652,0.0007745220727631319,0.00043683759769558186,0.02090066022152367,0.02068149183412307,-3671.064644123804,0.06278388505196458,True,True
11176400,0.016219205048483547,-2.579600349995598,0.2183596653801813,0.0009416590194348145,0.030686463130097194,0.028226813507757367,-34.32126300982832,0.6208852876489986,False,True
11224500,0.023676990354093097,-0.8872707562255906,0.34634784349329906,0.0010580037447993629,0.0325269694991612,0.012174204864653706,-7.395029616137606,0.3795192090560118,False,True
11274500,0.008167022148338855,-16.8927079541176,0.05293047467989116,0.0011934481075200941,0.03454631829182517,0.03374798287163497,-33.103930733985905,0.4726494717128792,True,True
12374250,0.009882490770544487,-4.960322986237015,0.14367149369035725,0.0005821067420325399,0.02412688836200267,0.02169593106796377,-1.4417271878404971,0.22346268962899682,True,True
12447390,0.046645389878644895,-0.8192169323688634,0.35470842577543127,0.003958238369815924,0.06291453226255381,0.043595496731981924,-0.7748802831162465,0.4823582161542018,False,True
13161500,0.27924024894310306,-0.06713953597600186,0.48376027965032803,0.08321032977800599,0.2884620075122649,0.1567555754436998,0.48248724180661173,0.6562597672405078,False,True
13338500,0.05581799040558102,-0.610559745228477,0.38305961080866957,0.005017937334328465,0.0708374006745622,0.04599940372862003,-5.477136193141051,0.24491863650313608,False,True
14020000,0.040222592500700524,-0.20523762505193122,0.4534658708158269,0.001949902065051441,0.04415769542278493,0.02601317609944005,-4.625012985629762,0.29740036822182736,False,True
