04196800
04197100
04213000
04213075
04216418
04221000
04224775
04256000
04296000
05056000
05057000
05057200
05062500
05087500
05120500
05123400
05129115
05131500
05291000
05362000
05393500
05399500
05408000
05412500
05413500
05414000
05444000
05454000
05458000
05466500
05487980
05488200
05489000
05495000
05495500
05501000
05503800
05507600
05508805
05514500
05525500
05556500
05584500
05585000
05591550
05592050
05592575
05593575
05593900
05595730
06037500
06043500
06188000
06191500
06224000
06278300
06280300
06289000
06332515
06339100
06339500
06344600
06350000
06352000
06353000
06404000
06406000
06431500
06440200
06447500
06450500
06453600
06464500
06468170
06468250
06470800
06477500
06479215
06479438
06622700
06623800
06632400
06784000
06803510
06803530
06814000
06847900
06853800
06876700
06878000
06885500
06888500
06889200
06889500
06892000
06903400
06910800
06911900
06917000
06918460
06919500
06921070
06921200
07014500
07056000
07057500
07060710
07066000
07068000
07071500
07083000
07142300
07145700
07148400
07149000
07151500
07167500
07180500
