10343500
10396000
11098000
11143000
11148900
11151300
11162500
11176400
11180500
11224500
11253310
11264500
11266500
11274500
11274630
11284400
11299600
11381500
11383500
11451100
11468500
11473900
11475560
11476600
11478500
11480390
11481200
11482500
11522500
11523200
11528700
11532500
12010000
12013500
12020000
12025000
12025700
12035000
12040500
12041200
12043000
12048000
12054000
12056500
12082500
12092000
12095000
12114500
12117000
12141300
12143600
12144000
12145500
12147500
12167000
12175500
12186000
12189500
12358500
12374250
12375900
12377150
12381400
12411000
12414500
12447390
12451000
12488500
13011500
13011900
13023000
13083000
13161500
13235000
13310700
13313000
13331500
13338500
13340600
14020000
14092750
14096850
14137000
14154500
14158500
14166500
14182500
14187000
14216500
14222500
14236200
14301000
14305500
14306500
14308990
14309500
14316700
14325000
14362250
14400000
394220106431500
