07184000
07195800
07196900
07197000
07208500
07226500
07261000
07263295
07290650
07291000
07292500
07295000
07299670
07301410
07301500
07315200
07315700
07335700
07340300
07346045
07359610
07362100
07362587
07373000
07375000
07376000
08013000
08014500
08023080
08025500
08029500
08050800
08066200
08066300
08070000
08070200
08079600
08082700
08086212
08086290
08101000
08103900
08104900
08109700
08150800
08155200
08158700
08158810
08164000
08164300
08164600
08165300
08171300
08175000
08176900
08178880
08189500
08190000
08190500
08194200
08195000
08196000
08198500
08200000
08202700
08267500
08269000
08324000
08377900
08378500
08380500
09035900
09047700
09065500
09066000
09066200
09066300
09081600
09210500
09223000
09306242
09312600
09352900
09386900
09404450
09430500
09430600
09480000
09484000
09484600
09492400
09494000
09497800
09497980
09505200
09505350
09505800
09510200
09512280
09513780
10023000
10166430
10172700
10173450
10205030
10234500
10242000
10244950
10249300
10258000
10258500
10259000
10259200
10263500
10310500
10316500
10329500
