01013500
01022500
01030500
01031500
01052500
01054200
01055000
01057000
01073000
01078000
01134500
01137500
01139000
01142500
01144000
01162500
01169000
01170100
01181000
01333000
01411300
01413500
01423000
01439500
01440400
01451800
01485500
01487000
01491000
01510000
01516500
01518862
01532000
01539000
01542810
01543000
01543500
01544500
01545600
01547700
01549500
01550000
01552000
01552500
01557500
01567500
01568000
01580000
01583500
01586610
01591400
01596500
01605500
01606500
01613050
01632000
01632900
01634500
01638480
01639500
01644000
01658500
01664000
01666500
01667500
01669000
01669520
02013000
02014000
02015700
02016000
02017500
02018000
02027000
02027500
02038850
02046000
02051000
02051500
02053200
02053800
02055100
02056900
02059500
02064000
02065500
02069700
02070000
02074500
02077200
02081500
02082950
02092500
02096846
02102908
02108000
02111180
02111500
02118500
02128000
02137727
02140991
02143000
02143040
02149000
02152100
02193340
02196000
02198100
02202600
02212600
