basin,std_obs,NSE,NNSE,MSE,RMSE,MAE,KGE,Pearson-r,low_var_flag,neg_basin_flag
01052500,0.005529097159749083,-1.8796047576665766,0.25775821571098884,8.803215343766432e-05,0.009382545147115697,0.00817230131388767,0.33096534537493705,0.4451428683638764,True,True
01137500,0.004347148202928372,-5.574601587332273,0.13202014501626003,0.00012424483196874455,0.011146516584509466,0.00930646273938821,-0.37165802340294096,0.20507319761926326,True,True
01142500,0.00951460930534526,-3.1792232870155184,0.1930791442236199,0.00037833584906532504,0.019450857283557582,0.009186505344501729,-0.6233580317441796,0.2800528876614699,True,True
01162500,0.004935320105368157,-13.91395861738497,0.06283791632507858,0.00036326502509384897,0.01905951271921318,0.014150006335103054,-2.011097044682092,0.27938066918776033,True,True
01423000,0.009235017092979738,-0.5500870876693742,0.3921434702506335,0.00013220001541579488,0.011497826551822517,0.00862983903724575,-1.659064929548629,0.16954762606853174,True,True
01487000,0.007744244094171833,-15.563204661885734,0.05693721728188479,0.000993350316934147,0.03151746050896466,0.012615115208716823,-2.2235564022676084,0.3662726236858409,True,True
01543500,0.005835246912906666,-3.980161062807353,0.16721957644574803,0.00016957501474799126,0.013022097171653698,0.010929742728495678,-46.078759024162736,0.39196047469425865,True,True
01583500,0.005032018301648334,-0.01050410934933188,0.4973876926437292,2.558718492778904e-05,0.005058377697225568,0.004295760009741828,-1.3024805067176715,0.6193296268926737,True,True
01591400,0.04690115060952002,-1.166170648257712,0.3158389458730793,0.004764964411156199,0.06902872163930171,0.007188902878803617,0.1535240334975908,0.4871379813708658,False,True
01634500,0.013915457978299782,-0.35068241982421977,0.4254083799523963,0.0002615461042616648,0.016172387092252796,0.006404469360617282,0.19380911332324713,0.6971717926191271,False,True
01667500,0.04674249160152873,-2.0880750479738364,0.24461390465315155,0.006747013258570646,0.08214020488512704,0.02523001650901893,-0.04836724189366004,0.2978092063983974,False,True
02014000,0.0033015033658087356,-17.447689468965837,0.05141999010194894,0.00020107842193976803,0.014180212337612156,0.010534651919224624,-56.719205395297855,0.41160252778395395,True,True
02015700,0.010836732323736569,-1.4379382443820847,0.2908720078477542,0.0002862987108018718,0.016920363790470693,0.011088460670482954,-63.67498855927593,0.3185284291300512,False,True
02028500,0.005034801536083896,-0.7437495231882372,0.3644647558199846,4.42027016360845e-05,0.0066485112345610504,0.005376204116241305,0.2999048062748215,0.446127573201888,True,True
02051000,0.016553285458212948,-24.889163923961693,0.0371897022468918,0.007093922413199208,0.08422542616810678,0.0035941223814724725,-3.9884434353839326,0.6915848410735389,False,True
02070000,0.0049530832015809365,-11.408325232700008,0.0745805298309155,0.0003044138549123543,0.01744745984125925,0.006232125999671517,-1.8094449041824108,0.2013615225093646,True,True
02082950,0.003727685067306706,-28.73582761045804,0.032535320430406904,0.0004131982354746138,0.0203272781127876,0.007508717694954158,-6.775054789891612,0.7228875625599035,True,True
02128000,0.01300061191020366,-2.7132923231538117,0.21216591958184944,0.000627605481241382,0.025052055429472888,0.0047980660447889175,-1.116551264097764,0.590165942925198,False,True
02137727,0.0045840264618829335,-19.865994955323096,0.045733112169979634,0.00043846338264996563,0.020939517249687626,0.005314387711875716,-2.759432748292286,0.22316894966359016,True,True
02196000,0.009450526189242596,-10.462016928520162,0.08024383257829099,0.0010237007594238372,0.03199532402436077,0.009468154824652226,-6.446799701127257,0.6606958266124604,True,True
02198100,0.028943994651848635,-0.6205491756296786,0.3815994026365543,0.0013576228933124205,0.036845934556100225,0.010073606098692858,-0.26608614678569165,0.34621424580879095,False,True
02215100,0.00012339559492717227,-607.0670069599635,0.0016418554749686749,9.258715770894388e-06,0.003042813791689263,0.0029006037390042903,-4625.140561937012,0.3388656645261896,True,True
02298123,0.025034805326475652,-5.403759417937987,0.13506651736645825,0.004013501640654891,0.06335220312392373,0.008446184862458461,-1.0180522709022983,0.5408159705252833,False,True
02349900,0.004207755264199937,-15.962684971876797,0.055670964645076496,0.00030032780397909134,0.01732996837790223,0.007528691555132008,-66.81880271203214,0.17029011234771696,True,True
02408540,0.011375727682925522,-3.2760664636364707,0.18953514078948144,0.0005533537039033391,0.02352347134041528,0.005550111237411422,-0.38222464889057717,0.373973684344536,False,True
02430085,0.01200434890722849,-0.30249280894004316,0.434311888452912,0.00018769493521080956,0.013700180115998824,0.0024121055650872616,-0.1480615347698464,0.390816830625649,False,True
02481000,0.0015017901608579578,-975.0075240591812,0.0010235335710059752,0.002201261688320875,0.046917605313153775,0.004965913609924619,-49.144923759015384,0.3754004869587639,True,True
03011800,0.012316237190707553,-0.40839752480863223,0.4152138464265606,0.00021363939595955985,0.014616408449395489,0.007886914892186713,0.07071355698874404,0.34161723408495026,False,True
03028000,0.0009403486561162638,-401.1973100779736,0.0024801752764833968,0.0003556452217543945,0.01885855831590513,0.016321586962941725,-1091.1375635181785,0.06861959984112771,True,True
03050000,0.022733531630661663,-0.028977648985846427,0.49285905170016764,0.0005317894994489925,0.023060561559706056,0.016299613217250913,-3.998983615298222,0.5817607732262766,False,True
03165000,0.03060735015806158,-5.506455254607287,0.1332186719405572,0.006095311590356144,0.07807247652249892,0.015328118555754586,-0.8745277964599019,0.4047334210441934,False,True
03456500,0.1204945083432878,-1.164597627803559,0.31599593933022896,0.031427633948666045,0.17727840801593986,0.07048324153093634,0.185552533342635,0.35417477031166333,False,True
03488000,0.006528221393032137,-1.6058401808476899,0.27732787640214046,0.00011105484877346801,0.010538256438968831,0.005617130130655152,0.024166866250009633,0.38336294721541664,True,True
03504000,0.018993462662088234,-10.02474721092583,0.08316183138481181,0.0039771954593859305,0.06306500978661567,0.016056086968048992,-1.6871713502875632,0.44413788469933396,False,True
04040500,0.6251448908404492,-0.024031910673977697,0.4940633567713921,0.4001979526601191,0.6326120079955162,0.3846411221709946,0.14982176688136717,0.6019955867580544,False,True
04124000,0.023239132849167267,-0.07276357093317687,0.482447691585872,0.0005793537929162508,0.02406976927426291,0.005935266683864072,-0.00257128876858137,0.1742209390586579,False,True
05123400,0.09672592068079616,-0.6943017941433973,0.3711536703771268,0.015851724478194124,0.12590363171169497,0.07912533847357353,0.30164020568395933,0.30996390703232946,False,True
05458000,0.027799654702567202,-0.8846100231125076,0.34666731100136555,0.001456465828731217,0.038163671583473426,0.009463437888960619,-1.8944857971994988,0.26936410557287827,False,True
05495000,0.019145172071354247,-1.716623982773827,0.2690613859876323,0.0009957448718078998,0.0315554253941838,0.006930695403467282,0.010683375539958795,0.36843218067850025,False,True
06188000,0.005906711253480987,-3.8120335328538157,0.17205681872743456,0.00016788818238329083,0.012957167220627001,0.012654664063609825,-7.662004897466289,0.36462175793253043,True,True
06280300,0.005946737507728681,-3.546465084779319,0.18029501398002357,0.0001607797681501278,0.01267989622000621,0.011988621766054178,-1.8990921140845152,0.7293162830903476,True,True
06339500,0.6078802881940839,-0.010359096186439043,0.49742357069289517,0.3733463218870092,0.6110207213237611,0.12103117950569381,-0.5019732314027521,0.11935933704718402,False,True
06350000,0.0026210462035375836,-1.0358004987220655,0.329402409816111,1.3985711646918519e-05,0.003739747537858474,0.0026669618105991527,-62.301919453226645,0.14796465962596048,True,True
06352000,0.000952774531365796,-7.063137241429333,0.1103370690922354,7.31954914226421e-06,0.0027054665295035917,0.002295239477511262,-83.4122771831792,0.05122882902342781,True,True
06404000,0.00016282937064242124,-5483.072752949345,0.0001823129874553252,0.00014540143615617164,0.01205825178689563,0.01188078806901869,-15189.77445705985,0.014108822958434696,True,True
06903400,0.006076024658224148,-0.4392274517626198,0.40996586820035413,5.313350793791211e-05,0.007289273484916869,0.004075812851121284,-8.42700802766328,0.4971118788470622,True,True
07142300,0.00034536379808000877,-973.7995653652226,0.0010248006204283558,0.00011627034212647378,0.010782872628686373,0.0043075022597490326,-545.1267755131686,0.05788984736890217,True,True
07335700,0.028957522832251923,-0.12162816375114449,0.47133612622861776,0.0009405279813949455,0.030668028651919338,0.004241819581095055,-4.496251584762292,0.4494172105547242,False,True
07340300,0.1200939818906993,-1.06681182365371,0.326071522317476,0.029808726807824412,0.1726520396862557,0.023396400500313205,0.05085514605118269,0.6562394509860858,False,True
07359610,0.039794730814909376,-0.7838570691817273,0.359213844370945,0.002824952803337597,0.053150285072966416,0.008408663424976114,-1.243394704153507,0.6962674976050005,False,True
08070000,0.07618565565676773,-2.765350589994806,0.20984814886433986,0.02185505170478575,0.14783454164972998,0.01371617017642483,-1.918255644857655,0.7316299571949103,False,True
08070200,0.012178208337078174,-57.844244741235826,0.016710044622067852,0.00872711687074933,0.09341903912345347,0.009757663919679006,-6.379299632829742,0.6515299941909101,False,True
08176900,0.045806801950543014,-0.04302204720790925,0.4894709782337628,0.002188534679291454,0.04678177721390514,0.01080190584126404,-0.5664551377776872,0.060614854344857694,False,True
08189500,0.02912490161101666,-0.050563615495755165,0.48767080057559425,0.0008911509809645731,0.02985215203238408,0.012987566906523277,0.20204443580742615,0.329526415354427,False,True
08196000,0.022145368414338867,-2.691760200642033,0.2131396229208725,0.0018105032256636997,0.042550008527187155,0.0074708158686005175,-0.31556337272857493,0.47131338719495713,False,True
08269000,0.006087915548185234,-0.2939204473829311,0.4359349083534574,4.7956205708023816e-05,0.006925041928250241,0.005674774648079439,-2.5512050913683213,0.6273358307341124,True,True
08324000,0.002513507214792353,-15.021470499323367,0.05874933073730332,0.00010121914087219479,0.01006077237950421,0.009798691591263935,-35.60432443634457,0.23487323508456448,True,True
09312600,0.006971621263071909,-1.6522466983675645,0.27380406708204225,0.00012890848045557662,0.011353787053471481,0.009823171521401325,-5.013866774723913,0.39583725163900246,True,True
09386900,0.004050745198389212,-3.2263894868449716,0.19133667755092487,6.934886684394198e-05,0.00832759670276737,0.007745229634795581,-4.89459132257783,0.16602152821424535,True,True
09494000,0.00020756216368385806,-1385.6681529046282,0.0007206333862363476,5.9740509183313725e-05,0.0077291984825927276,0.002691469908412523,-635.0478509750883,0.3249822108526067,True,True
09497800,0.00943719216212253,-13.671764001551619,0.06380902621434273,0.001306676044953175,0.036147974285610736,0.01501866280139347,-5.303619697382194,0.3796997627544004,True,True
09505200,0.0013305145759303586,-31.797787945856903,0.029587735197403202,5.80609084748739e-05,0.007619770893857236,0.005275387362573865,-293.80113843696233,0.39019242062659,True,True
10172700,0.011751057055998826,-2.1324876683220206,0.24198499312305163,0.00043255689575755316,0.020798002205922404,0.01854341901432949,-0.7701597103373188,0.37169414967848396,False,True
11224500,0.009735148120819529,-0.3838044592001093,0.41949749533380437,0.0001311474507555365,0.011451962746862936,0.007647100836964956,-60.79345616181103,0.5221715338467605,True,True
11253310,0.1678883385097106,-0.02864838718720364,0.4929390456798367,0.02899399180705897,0.17027622208358678,0.08094377399994832,-5.3184839563980955,0.414908315302368,False,True
11475560,0.016904625051857653,-0.2223976738175122,0.44996447385685717,0.00034932011922642053,0.018690107523136955,0.006071162334108589,-0.24618971709445625,0.23330829809686948,False,True
12035000,0.020102443316768144,-0.8182111336959192,0.3548350185844871,0.000734754078102029,0.027106347561079287,0.01669878987908128,0.1928526293680105,0.4172597729796489,False,True
12082500,0.009837534564894976,-1.7975649080533507,0.26332663804622225,0.0002707401805799025,0.01645418428789171,0.007877890192092615,-0.03583802671683656,0.490220619050463,True,True
12447390,0.041426138565238635,-0.3318773958154375,0.4288390126318406,0.002285668037859011,0.04780866069928137,0.040819440342204937,-0.12730363495987218,0.7592057149690655,False,True
13011500,0.004590278353971934,-9.536316466156675,0.0866827815389456,0.00022200709309543704,0.014899902452547702,0.014357379941497673,-9.262185776351526,-0.3285242443065756,True,True
13235000,0.005975593188112193,-1.5171581066265003,0.2843204569382168,8.988196163787158e-05,0.00948060977141616,0.008404530064417168,-0.5227348238387519,0.5620939034545104,True,True
14096850,0.005259250046366848,-0.3734755174321416,0.42132307354992143,3.7989935946710276e-05,0.006163597646400215,0.003966943975193351,-1.680777895593081,0.23493507821490286,True,True
394220106431500,0.024462892560854856,-0.04604629811244343,0.4887474936039025,0.0006259887419398783,0.025019767024092737,0.017697188945946855,-0.4437523734098876,0.45803580286595597,False,True
