basin,std_obs,NSE,NNSE,MSE,RMSE,MAE,KGE,Pearson-r,low_var_flag,neg_basin_flag
02018000,0.008665420495817306,-0.266849320095095,0.4411409223962225,9.512709769135876e-05,0.009753312139543098,0.006041609322672124,0.1652598052025952,0.35790802169139035,True,True
03069500,0.002389832151312703,-16.005025576322844,0.05554004884697473,9.712076365716569e-05,0.009854986740588021,0.005428470504977021,-2.167646921967928,0.11474273708928327,True,True
05514500,0.0011860516521620403,-127.54583750042153,0.00771927542632735,0.00018082781048595195,0.01344722315148938,0.003723182452122681,-16.329191562462288,0.04726181360505559,True,True
06784000,0.03630600163588258,-1.793706545611545,0.2635944525431922,0.0036824565490811995,0.060683247680733104,0.012191230792854179,-10.59737172248239,0.6390160823638712,False,True
06847900,0.006409378593561812,-0.5566609150775184,0.3911351693541573,6.39478389148444e-05,0.007996739267654311,0.0016986550233596698,-4.996340633350287,0.8786022238268243,True,True
07148400,0.007244182639843864,-0.48546898566474295,0.40233855492368914,7.795471196245737e-05,0.008829196563813571,0.0020645017021330564,-3.696830911023289,0.24793078275831879,True,True
07226500,0.27425472369085063,-0.11330815271703809,0.4731917580095075,0.08373820021646657,0.2893755349307653,0.027429312638451043,-0.23929869218640243,0.14605803578849427,False,True
07292500,0.0024754375445908074,-79.96169414025964,0.012200821499476539,0.0004961163437067629,0.022273669291492205,0.007250020466405089,-7.056670136327833,0.04794305429109004,True,True
08013000,0.006969781040224994,-3.9867475719364824,0.16703560455556982,0.00024224546431062907,0.015564236708256176,0.0036227250428506725,-0.7707873646602599,0.31467204261416504,True,True
09430500,0.011266375679154794,-3.8257120498626564,0.17165283684482405,0.0006125335224125192,0.02474941458726891,0.015808430375425526,-4.418200285420576,0.16413684314767435,False,True
09447800,0.006384664807318517,-9.294714880148021,0.0885369848297485,0.0004196531880952709,0.02048543844039641,0.006362625635366189,-55.14364462753154,0.20379944863254668,True,True
13338500,0.004004053967395802,-0.13012209129799435,0.4694566588859928,1.8118623858821975e-05,0.0042565976858075245,0.003019834340312228,-0.059449928648226846,0.41128772429034577,True,True
