basin,std_obs,NSE,NNSE,MSE,RMSE,MAE,KGE,Pearson-r,low_var_flag,neg_basin_flag
01078000,0.004984973625852713,-14.514180871575176,0.06055401765165581,0.00038552680590241617,0.01963483653872413,0.009009909910990417,-2.2494026998951546,0.2730195201704423,True,True
01170100,0.007362651243276811,-11.840555032769238,0.0722514377228641,0.0006960689395266861,0.026383118457200736,0.009304539742722924,-1.9498250228547604,0.5179326494017842,True,True
01195100,0.009691993439698808,-2.9602188812028216,0.20160400658720654,0.0003720021184154375,0.019287356439269678,0.012939610897888887,-18.458436906713203,0.46719235149753696,True,True
01440400,0.011448121503026317,-4.601174722918915,0.15148818838684197,0.0007340870798909843,0.027094041409339145,0.01868602773635815,-0.3891447886694308,0.3036112145893587,False,True
01466500,0.12671855774425966,-0.09037733862301778,0.4783825300453765,0.01750883538568105,0.132320955958159,0.07565852982159577,0.29062406390282647,0.4298938605345181,False,True
01484100,0.04503032874455597,-8.28228288964433,0.09725466715248005,0.018821968188476593,0.1371931783598463,0.040292786342544046,-1.1998238932360694,0.19599093151652952,False,True
02014000,0.004141553396481093,-17.75352336368386,0.05062388018526679,0.000321669144418836,0.01793513714524748,0.008012302652882946,-4.0003095887400395,0.3579060647676936,True,True
02028500,0.011954534419572836,-2.7525496320123604,0.21041337333211024,0.0005362802196460077,0.023157724837427528,0.01136037092563663,-0.2942811940853538,0.45338415729837694,False,True
02092500,0.06332915318777607,-0.17771731673611546,0.4591964220125522,0.0047233314517113375,0.06872649744975615,0.019462597371701123,0.3221941842415966,0.5271530561113313,False,True
02108000,0.021899176343657303,-0.2152686551808869,0.45141251724086956,0.0005828111583241221,0.0241414821070315,0.00847716811643406,0.42520619526280945,0.4745256176120494,False,True
02137727,0.013226703203797444,-22.486272797604563,0.04083920849308792,0.00410882190984643,0.06410009290045085,0.01475718666623823,-3.2475944405992516,0.47759027838032003,False,True
02140991,0.01485936682650303,-1.87033964786503,0.2583752566913923,0.0006337732402451088,0.025174853331153862,0.008932220548694338,-0.17388441149716782,0.5292657561609001,False,True
02177000,0.05351513734874234,-0.7738540842660135,0.3605092299815795,0.005080087364074524,0.07127473159594867,0.040248345231245604,0.2998545915183075,0.48424161030653506,False,True
02231000,0.04993031708870358,-0.12149893474661133,0.4713648372015037,0.0027959378514591225,0.05287662859391777,0.026263528073590666,0.11106625208149046,0.3910554585422883,False,True
02369800,0.06077173608073524,-0.8831300787194374,0.3468452593870329,0.006954783362734638,0.08339534377130799,0.020203642010827277,0.07131401816926708,0.18432061514723014,False,True
02374500,0.006482397681806576,-6.948622967581615,0.11174903710020226,0.0003340128987156531,0.018276019772249456,0.0063157707786758895,-1.1406160161168453,0.38872648551464756,True,True
02464146,0.05271537327873356,-0.18633713919319161,0.4573860005730968,0.0032967248274514975,0.05741711267080136,0.015631094683920137,-0.7792247713958909,0.8472974062142189,False,True
03159540,0.01236523915806362,-5.310099230680581,0.13679704863690317,0.0009648087421275199,0.03106137057709334,0.01384235759395586,-0.9912967975609772,0.6016922884084218,False,True
03241500,0.030496990297004353,-0.12477458593586355,0.4706381592753976,0.0010461150692715124,0.0323437021577851,0.016671867766882374,-22.008294719972287,0.5515574587617106,False,True
04063700,0.006272409328713661,-0.9910900121598945,0.3343262810328769,7.83356908638849e-05,0.008850745215171709,0.0055880798301194716,-0.22479747501926783,0.4310260534117552,True,True
05120500,0.01861143057456143,-0.3837986864020728,0.41949851122257525,0.00047932758959521893,0.02189355132442471,0.011823264818375452,-4.81147690483859,0.11826381849954688,False,True
05131500,0.015109445779620324,-3.418894137140936,0.18453949730186284,0.0010088129914609895,0.0317618165642488,0.01606860409685184,-2.077851298374076,0.28264621930617656,False,True
06280300,0.0036999121645165537,-9.274128035918203,0.0886986556134633,0.00014064613488676343,0.011859432317221742,0.010850806628963898,-5.178230053527658,0.19043832783105535,True,True
06289000,0.13247564655945485,-0.3981733750255019,0.4169840306017767,0.024537658806511674,0.15664500887839253,0.09757302475706985,0.09561836161941317,0.46661666754128106,False,True
06339500,0.009292393223263444,-2.488370843865905,0.22279798946797458,0.0003012158403315318,0.017355570873109644,0.014865343392687537,-17.593593348582868,0.24832345846849763,True,True
06350000,0.043893734826354815,-0.010690785876201092,0.49734151418226596,0.0019472574660629595,0.044127740323553384,0.006134940114007485,-12.40376140045917,0.07705649745220858,False,True
06847900,0.017131668173072913,-0.039314460851633815,0.49036086351410074,0.00030503261490387196,0.01746518293359311,0.003823427614023638,-6.843005045463078,0.2795709392582474,False,True
07014500,0.06057612274717236,-0.053640577316802496,0.4869401252806158,0.003866298956474642,0.06217957024999965,0.016874091565251693,0.2094443279947471,0.29298021897221527,False,True
07057500,0.021972700601643046,-9.160815477231065,0.08959918762567826,0.0049056373608290715,0.07004025528814892,0.009902429826905213,-1.6780646967097104,0.5157776515055077,False,True
07068000,0.0331135588746778,-3.29922518141493,0.18870683274738534,0.004714133865183374,0.0686595504295169,0.02640052946759662,-0.4789481252337382,0.2028986914395177,False,True
07180500,0.013586907098665403,-2.685882451851178,0.21340697515895765,0.0006804288081919223,0.0260850303467702,0.004980677478364846,-2.6806909423298206,0.5882446900404849,False,True
07184000,0.00034239513203574974,-7410.220882680053,0.00013491233138190396,0.0008688502294143274,0.029476265526934164,0.010604225139863982,-1549.1040583129247,0.42532904164007157,True,True
07292500,0.003339854037426359,-83.92868734062705,0.011637557036521846,0.0009473476582891794,0.030779013276730938,0.010592485444291607,-7.77687572649136,0.14987577869579666,True,True
07359610,0.05770759209569074,-0.5941384787251105,0.38548443277070166,0.005308746056827082,0.07286114229702333,0.01960100119766979,0.10756416342090647,0.7596552634071638,False,True
08104900,2.577931661940284,-0.49405639689490655,0.4009532427755031,9.929097889159136,3.151047109955536,0.6816795169841134,0.31327190498328983,0.6324472624592796,False,True
08164000,0.03088671937897295,-1.1496448349256054,0.31749611540680905,0.002050738459361863,0.04528507987584722,0.018180555865539714,0.14407721219696612,0.3405722540061864,False,True
08171300,0.030864131557791784,-0.9278978490701923,0.3415419702287661,0.001836505112796719,0.04285446432749707,0.021437051875192983,-0.28240773706945177,0.43525064280310016,False,True
08380500,0.0016336335265879698,-15.680687340126656,0.05655888714973659,4.451672611133153e-05,0.006672085589328986,0.003091425049348461,-139.94751228411297,0.026729780577423666,True,True
09034900,0.018874794432544712,-0.5394530870287166,0.39378557733864206,0.0005484422698536445,0.023418844332153636,0.008424260170782237,0.3454558054994752,0.3827824065144695,False,True
09306242,0.029336874515129573,-0.20178943278257067,0.4541760375042872,0.0010343227268521252,0.032160888153969336,0.0210019539957218,-0.08974422314501984,0.29412714435124004,False,True
09386900,0.06550172481708853,-0.11911401059485316,0.4718953274813617,0.004801531752256931,0.06929308589070723,0.05140734431273484,-0.043467945235747374,0.34798299219899054,False,True
10172700,0.04605426605748588,-0.24587758249498104,0.44526024383265095,0.0026425006489610155,0.051405258962104405,0.03942840088693804,0.23567604357341987,0.4089029083151209,False,True
10242000,0.005706232876400874,-3.243993345069952,0.19069436862274672,0.00013818906471516355,0.011755384498822808,0.005839342961623266,-1.0624661185535156,0.1739095373053821,True,True
10244950,0.029828864396598924,-1.0665817984551107,0.326095981037839,0.0018387642000231392,0.04288081389179943,0.03261161591376901,-0.28771463162900157,0.22621490171907394,False,True
10259200,0.0018813203329935174,-117.65078054068054,0.008357655466025196,0.00041994856169577747,0.020492646527371164,0.00838442197652543,-619.2287096182703,0.6981887203862698,True,True
11151300,0.0005806752936372034,-200.27077376296418,0.004943867971612516,6.78652436501981e-05,0.008238036395294579,0.006826264759621916,-1225.5121019695632,0.15166461012342197,True,True
11224500,0.02362747823154338,-1.8389636266679332,0.2604869692052696,0.0015848733829117532,0.03981046825788103,0.022262897756689843,-15.507651585394356,0.36254056166942006,False,True
11274500,0.008167022148338855,-0.17465210851889656,0.45984366698592355,7.834959020743157e-05,0.008851530387872572,0.003051036746979754,-0.3117500894965495,0.5269798404926815,True,True
12374250,0.009862101953813695,-3.07435098859526,0.19706953702010896,0.00039627567537682177,0.019906674141524038,0.0099132231440222,-0.2619294600835904,0.18655765382101996,True,True
12447390,0.04367674757767618,-0.16839909892973104,0.4611697175550274,0.0022289062142074284,0.047211293290985244,0.022116850697893608,-0.2994719937615482,0.3862047225217616,False,True
13338500,0.05570266997839132,-0.04653893829109945,0.48862984294597384,0.0032471878760487955,0.05698410195878141,0.020524334844622398,0.04772013637381067,0.23501322636680538,False,True
