basin,std_obs,NSE,NNSE,MSE,RMSE,MAE,KGE,Pearson-r,low_var_flag,neg_basin_flag
01030500,0.09578430983909525,-0.07404644999244536,0.48214927877032,0.00985398308987235,0.09926723069509066,0.03847341904911626,-0.5817863343866951,-0.00395979007808161,False,True
01031500,0.027411263083864268,-0.26198124820411284,0.4420903138759193,0.0009482241182676727,0.030793247933072483,0.016214932922825186,-3.998112349241546,0.5526098403871131,False,True
01054200,0.013088851301066766,-2.506097141543403,0.22192153621825506,0.0006006576496030084,0.02450831796764128,0.0069103560388352305,-10.958575180376375,0.38396971931020396,False,True
01169000,0.0026515803079340938,-2.113693292252235,0.24309055852156228,2.1891998070230027e-05,0.004678888550738308,0.0030858563945218367,-78.01720617124447,0.5018262154573256,True,True
01170100,0.005063304182572443,-2.8364119344289564,0.20676485244801046,9.835428168804141e-05,0.009917372721040658,0.005314191263480618,-0.21375686322327048,0.35311553374553534,True,True
01181000,0.00951785239829472,-1.1939308700531104,0.31309381470218595,0.00019874713187262904,0.01409777045750955,0.005851494732361645,0.15333205632726776,0.4373507181684894,True,True
01439500,0.0018973824588729288,-14.728843853811805,0.05977699407913009,5.662478467523246e-05,0.0075249441642601216,0.0039127485771986775,-2.1091895087566415,0.15817149741277933,True,True
01487000,0.009598833308328052,-0.7970549303014984,0.3575188993132175,0.00016557632992947506,0.012867646635242789,0.0050276629345193955,0.2367414924641732,0.5732672727197323,True,True
01632000,0.08353319768703456,-0.12883242148431484,0.4697410608312496,0.007876761357213866,0.08875112031526061,0.020334402348598735,-0.30819476656602895,0.3800634927056358,False,True
01664000,0.007342807639063833,-2.5631344909241687,0.21914760610035638,0.00019211289532205145,0.01386047962092407,0.005782198049876198,-0.14545517523193152,0.21656223790415713,True,True
01667500,0.04355666449809391,-0.3554106973029547,0.4245544104665239,0.002571462163030771,0.05070958650029372,0.025771190621841536,0.18795489117467057,0.29763826672840704,False,True
02014000,0.013925293249513408,-1.404531886193889,0.2937261372276217,0.00046627189624101926,0.021593329901639053,0.009672331928834028,0.11054111347512507,0.41736165939456377,False,True
02018000,0.004560271866803382,-0.5515313211564863,0.3919215067862652,3.2265768700204554e-05,0.005680296532770499,0.004678048187629426,-3.853790668050469,0.2511403095990042,True,True
02046000,0.008536307782515554,-5.15322065465834,0.13979716945384277,0.00044837627036748963,0.021174897174897678,0.012651805945194198,-1.2663683611980057,0.43882503088310915,True,True
02055100,0.005480054574838702,-2.4038270258425545,0.22707522210381928,0.00010222032309288775,0.010110406672972545,0.0049474645548728035,-34.985420217395436,0.480618998771672,True,True
02081500,0.008111918633970516,-0.17326713136290528,0.46013671562449715,7.720475976792785e-05,0.008786623911829154,0.003909198128295091,-4.522087903011037,0.17021913117413973,True,True
02137727,0.05331949034234911,-1.2392124571732448,0.3087170147748405,0.0063660094737292465,0.07978727638996863,0.027334642207668628,0.15875319521952957,0.28895637862215634,False,True
02143000,0.05972918360729765,-0.8165377387913968,0.35504583738654594,0.006480635303570045,0.08050239315430346,0.027773000408135823,0.14184952540996731,0.6676069516979517,False,True
02143040,0.13621289219645683,-0.05442118813653507,0.4867551044423617,0.019563680113020305,0.13987022597043414,0.04981367159555375,0.20698884076845492,0.8762545200362203,False,True
02297155,0.014230910612605528,-264.8882722753587,0.0037468862587122682,0.0538473783192104,0.23205037883875648,0.021544438347876782,-17.427393368793123,0.8232387750520537,False,True
02384540,0.0052396863057972455,-11.136321357050107,0.07612481248133533,0.00033319436014612433,0.018253612249254238,0.006515546728305155,-25.213619013901827,0.2620742244666766,True,True
03015500,0.015067431525046112,-1.2976900310290485,0.303242569977976,0.0005216388068886597,0.02283941345325356,0.014951741331181443,-19.816339322301115,0.31812004234136465,False,True
03028000,0.009337181636086031,-0.1681337254001143,0.461226163444073,0.00010184135691367647,0.010091647878997585,0.003752827687067137,-2.2008413915520966,-0.024574542861487064,True,True
03050000,0.01107677356495119,-0.7437301745318421,0.364467326008334,0.00021394682137821204,0.014626921117522035,0.008946513084598432,-11.984659822300834,0.48219101854914254,False,True
03069500,0.030812482450720064,-0.28107118353056926,0.4383905277573284,0.0012162606070778659,0.03487492805838983,0.015857576351599283,-12.63726144616938,0.1333096043354669,False,True
03170000,0.017013292733007612,-1.6503127588156032,0.2739491287657402,0.0007671386721956087,0.027697268316489422,0.009072185615123731,0.06106250985302364,0.22222713806406996,False,True
03180500,0.0032521190771249583,-13.549988633944487,0.06430872867759357,0.00015388473184512283,0.012405028490298715,0.0054780010444190974,-1.7974995724945226,0.12384444307170524,True,True
03241500,0.004847912939868516,-3.687030751776046,0.17583868342679568,0.00011015581475884866,0.010495514030234472,0.0046728405036403076,-0.3927641123865764,0.2226255503464493,True,True
03479000,1.5847488767861495,-0.5989914537176029,0.3847646357473003,4.015753511575989,2.003934507806078,0.5037937697861266,0.08465506358978203,0.7427691624088527,False,True
03500000,0.029613435004217106,-0.28072717256312996,0.4384566519090395,0.0011231407799212085,0.0335132925854982,0.01779535647548671,0.43300846054219744,0.514296919764395,False,True
04040500,0.012266709871308259,-0.1731972216689246,0.4601515177863341,0.00017653353303412128,0.013286592228036551,0.0065306971936540305,-8.867019226151642,0.18987878455560014,False,True
04296000,0.008710664628812084,-0.6436874158412358,0.3782595453637602,0.00012471589755008435,0.011167627212173781,0.009063076863833818,-1.0201144858778148,0.6016349739319147,True,True
05056000,0.036489028348738614,-0.45008020607984056,0.40814990363111936,0.001930708115580846,0.043939823800065995,0.02041408856702031,-0.30120848761919583,0.5687908115280262,False,True
05062500,0.015215326259359625,-0.013401741694702762,0.4966718659726045,0.00023460873884439457,0.015316942868744878,0.005359281198158785,-2.0726073987273956,0.28324748403783145,False,True
05129115,0.0034637323413055656,-0.6709750825344882,0.37439510631866324,2.004742618867586e-05,0.0044774352243975414,0.002322729342006164,-23.47443653404612,0.03727000841811154,True,True
05131500,0.0007706581256281967,-75.99609295115445,0.012821155036910071,4.572905343715153e-05,0.006762326037477898,0.006726498863396931,-139.9678214976949,0.03244390182911449,True,True
05362000,0.00663260774782939,-0.3182086632619052,0.4313675536838517,5.798995734406271e-05,0.007615113744656918,0.004127973182286923,-0.16006041416441263,0.3364892768903952,True,True
05408000,0.006582633457557831,-7.984970723182784,0.10015051898732484,0.0003893283345848713,0.019731404779814114,0.00929189438127367,-1.0132828399505542,0.14199978260579274,True,True
05454000,0.016806109728452312,-2.688184220087808,0.21330219826158417,0.0010417103877696527,0.03227553853570305,0.009680967547867427,-0.3572187914330198,0.5457323253492805,False,True
05495500,0.024484782896868177,-0.014694428538509774,0.4963531867834743,0.0006083139709145619,0.02466402179115486,0.007028288498485899,-0.9815752813523908,0.3629333298615271,False,True
05514500,0.005450881760123386,-2.2150255365059692,0.23724648672685067,9.552519870407383e-05,0.00977369933566988,0.0071185653796722904,-13.643029950610979,0.40330155491458275,True,True
05591550,0.00293530605401171,-2.3617337109689878,0.22926663255145016,2.8964770370422e-05,0.005381892824130001,0.0026809951527869916,-53.60654377115298,0.47010699755985796,True,True
06191500,0.000325354186474231,-1475.7593379167179,0.0006767001732567343,0.00015632287164311505,0.012502914525946143,0.004734143674963926,-384.7155742767701,0.15128278166756018,True,True
06289000,0.022470637091942424,-0.17696622181717614,0.4593548535471861,0.0005942850027590036,0.024377961415159462,0.009238005782766267,0.05687046541862384,0.40400255155933035,False,True
06339500,0.02845275197713348,-0.002314689448576157,0.49942199658705655,0.000811432972967636,0.028485662586073646,0.007450924694522582,-1.3534725668216576,0.269664616051973,False,True
06350000,0.04317984344275483,-0.015403185987061585,0.4961786341080141,0.0018932181027581333,0.043511126195010554,0.006210291455412209,-8.677505368377444,0.14773590846206433,False,True
06352000,0.0014330286625358576,-14.582077884659888,0.06030607303594333,3.1998905564361915e-05,0.0056567575133075945,0.002727877625150948,-119.37203967660093,0.05008548291154221,True,True
06453600,0.011851223967917508,-2.4055310605062337,0.22698739068363108,0.00047831197822576925,0.021870344721237688,0.011293173911321659,-0.2318110600743879,0.4953770380200364,False,True
06468170,0.03230398481580483,-0.6288310979413403,0.3803972042110687,0.0016997625142719335,0.04122817621811488,0.01251112583297474,-0.1458833056598403,0.6680537036786915,False,True
06479438,0.0010735998247546708,-43.3961420631013,0.02202830360804637,5.117172959482038e-05,0.007153441800617405,0.0044421298191017365,-37.25867626913362,0.36211839529554773,True,True
06910800,0.0017847895382544212,-346.41522351337363,0.002870138652140772,0.0011066820560440185,0.03326683116925955,0.006221763727517062,-24.684785526934363,0.14910958059734428,True,True
07149000,0.0049987210361967975,-0.1253928148032517,0.4705012612421814,2.812042884419562e-05,0.005302869868683902,0.004470685496525042,0.09185201842207236,0.2141935613908368,True,True
07151500,0.0013089821971555957,-74.92210918788037,0.01300016354930576,0.00013008755303139886,0.011405593059170525,0.004911693007174369,-76.41599141906215,0.24753392673690008,True,True
07195800,0.12654386498912076,-1.264678328938544,0.3063088914873685,0.03626508618964481,0.19043394180041753,0.04661892872359065,0.13104489572500544,0.2799320032322953,False,True
07196900,0.004884281571056112,-37.902209751490965,0.02506126869233438,0.0009280591477902459,0.030464063218655614,0.004514875699025318,-4.780070443799103,0.4119111832305988,True,True
07261000,0.01875087610300452,-5.728237049670318,0.12939561682345904,0.0023656168915150606,0.04863760778980665,0.01597521700700932,-0.8358332336104388,0.2809088993558053,False,True
07375000,0.005647790971578045,-10.607757949058254,0.0793162435415169,0.00037025895667278715,0.019242114142494507,0.004471895399272582,-1.7470414676591508,0.19594486190550964,True,True
08066200,0.05855175464615573,-1.8329291724064016,0.26089707245286164,0.009712153666279092,0.09855025959518875,0.022708228819905026,-0.1811541652450559,0.5990096884305194,False,True
08070000,0.012178191964290146,-1651.0088410285002,0.0006049574419564514,0.24500672112398836,0.4949815361445196,0.027293858896763275,-39.856117571199235,0.6976329117810797,False,True
08104900,0.02646307341834743,-3.7739401828630905,0.17319195702234236,0.003343162882554583,0.05782009064810071,0.012974059192990783,-0.40230440306803783,0.17412896169810174,False,True
08190500,0.00832436732498277,-19.914458965295264,0.045631973008489306,0.001449269344771057,0.038069270347237505,0.0032583954536514045,-6.037058769379,0.38164359102454964,True,True
08194200,0.1403546453823557,-0.04776959006201231,0.488336190191064,0.020640460007832605,0.14366788091926674,0.006337311978075446,-1.127864318993728,0.05358795821464427,False,True
08195000,1.9376525164367475,-0.09975674642874899,0.47624564212058973,4.129033707028764,2.0320023885391385,0.13976750312403446,0.4127702129358233,0.45268558356739824,False,True
08198500,0.01748104406840411,-0.7896212666498084,0.3584716004122483,0.0005468848181303972,0.023385568586852815,0.004182213806100507,-3.585417784486637,0.4375692110278896,False,True
08380500,0.04704811510011655,-0.04167924551075797,0.4897929007207175,0.0023057831919977823,0.04801857132399695,0.00525222031081836,-9.342403729644262,0.02625852222978272,False,True
09047700,0.11878599552648272,-0.032797947548537376,0.4919328068025427,0.014572895470545594,0.12071824829140619,0.049194768595453166,0.18987425511252753,0.8561882617188842,False,True
09081600,0.11238689390684785,-0.4661729317451029,0.4054865687348147,0.018518957478388227,0.13608437631994433,0.08197227908370704,0.16460617496246333,0.29037372595173827,False,True
09306242,0.011893638654167038,-0.5174231753010066,0.39723158577835477,0.00021465261934400118,0.01465102792789643,0.01167402577052242,-1.3859322441167556,0.2634327611813268,False,True
09386900,0.029798864968634216,-2.1042000444547213,0.24365284078955238,0.002756443818957499,0.052501845862383725,0.049797853023651806,-2.1768277945709094,0.5040828193654268,False,True
09430600,0.02487573521049276,-0.016572377352612744,0.49589095399234584,0.0006290572258650722,0.025081013254353825,0.006155888627538746,0.24001848789118352,0.3203599297622744,False,True
09497800,0.008162411337710663,-1.2249384410055093,0.31008343827121493,0.00014823643206684784,0.012175238480902451,0.011473708058633871,-1.5275812538967397,0.5020187293958764,True,True
09510200,0.009762627934799064,-0.8779244625968157,0.3474726362684577,0.00017898292268793005,0.013378449935920456,0.002777212123433407,-0.19629660099053892,0.18678330240295,True,True
10172700,0.002703479464457541,-5.899623789798497,0.12658830681169791,5.042797873615332e-05,0.007101265995310507,0.006699477900805062,-8.21881389262612,0.3786822146509445,True,True
10173450,0.016079916704990774,-0.0432651775289421,0.48941273555563025,0.0002697505265414097,0.0164240837352167,0.008490482129201251,0.08745735359721418,0.5202345642078486,False,True
10244950,0.008468797279544069,-1.728493248794646,0.26820485737054284,0.00019568897470724418,0.013988887543591313,0.011711665578306892,-2.3709560862759362,0.27109630883711644,True,True
10258000,0.06520283671055295,-0.07479898810939689,0.4819744012460804,0.004569411074790994,0.06759741914297464,0.03753966372484399,-1.163480441844924,0.8323902147527283,False,True
10329500,0.00277131884987051,-0.9220435181085775,0.34222625152663516,1.4761694326351637e-05,0.003842095043898789,0.002511719758866986,-15.39764005022234,0.21016336143329456,True,True
10396000,0.0020482732681615903,-1.632539108162148,0.27528953446173393,1.1044616125952434e-05,0.0033233441178957728,0.002269069365390055,-3.7350211851696065,0.445886185589495,True,True
11253310,0.1932919487702599,-0.7556843694665649,0.36288626196822976,0.06559548870096521,0.2561161625141319,0.2080428507467122,-14.421582355552982,0.612203081537778,False,True
11274630,0.0016532050850001287,-0.6742623391813358,0.373934892380875,4.575904722659676e-06,0.00213913644320779,0.0015979967399720944,-5.811984388273141,0.5307931928818991,True,True
11468500,0.0006869392082782739,-68.49270726422002,0.014185864592372806,3.2792599236869795e-05,0.005726482274212485,0.004837233265427397,-104.19711656862657,0.1794781769107414,True,True
12374250,0.001627710375351848,-18.273020881155155,0.04932663986596852,5.106273298894866e-05,0.00714581926646264,0.0035356906951200056,-10.535628139118504,0.23672503389843014,True,True
12451000,0.11936401124834316,-0.15739453004596649,0.46352208002432155,0.016490287800998798,0.12841451553854338,0.048050815388579714,0.4595007790672998,0.5583872119535581,False,True
13011500,0.020634292805782634,-0.10477358969902872,0.47511048451676674,0.0004703839141237737,0.021688335900289207,0.015721489878143438,-0.38574733030842423,-0.03805193518305687,False,True
