basin,std_obs,NSE,NNSE,MSE,RMSE,MAE,KGE,Pearson-r,low_var_flag,neg_basin_flag
01078000,0.004984973625852713,-7.152969517155258,0.10925416042582865,0.00020260098309976058,0.014233797212963258,0.010232439389413988,-1.55646885252365,0.44553463682966205,True,True
01170100,0.0073846827799371505,-1.6703094979985025,0.2724565872565573,0.00014562142918140883,0.012067370433586964,0.009106630513867306,0.1828166354772256,0.4097132535318843,True,True
01195100,0.00969199441688236,-0.31918306098442306,0.4311863159157131,0.00012391713865856719,0.011131807519831054,0.005801682115564254,-8.010186273510259,0.23328990468021263,True,True
01440400,0.011494481442825409,-5.775361407950794,0.12861138505760483,0.0008951817774974648,0.029919588524868868,0.026838705719581513,0.035035623802164406,0.404232565666095,False,True
01466500,0.12714425098509993,-0.25026861860989014,0.4443913903122165,0.020211418095469804,0.14216686708044812,0.09824527313711909,0.01551684366462236,0.6933333361501303,False,True
01484100,0.04503032901267378,-0.6548414984377955,0.37667032121821065,0.003355572630330979,0.05792730470452582,0.04210124472202284,0.31788264292995183,0.4625070188812138,False,True
01605500,0.31673330036096675,-0.10475822355536168,0.47511395314127725,0.11082932682214244,0.3329103885764793,0.20568905216860886,0.09683769926184127,0.45429759902989186,False,True
02014000,0.004141553396481093,-7.4248496052628585,0.10610248883351917,0.00014450693407459667,0.012021103696191821,0.003898232212158613,-1.2009474059021783,0.30920849124541433,True,True
02016000,0.0007518599556405689,-35.546382232167794,0.026633724490857918,2.0659428410090304e-05,0.004545264393859867,0.0031840740726282683,-540.763868460011,-0.0007173420363070695,True,True
02028500,0.011954534419572836,-1.704962880050675,0.2699082372415894,0.00038656866123046004,0.019661349425470778,0.010380192189158205,0.0825949988130118,0.2907769894306615,False,True
02074500,0.029339444249359747,-0.044813776818978024,0.48904208849553704,0.0008993788218892277,0.029989645244471095,0.008011462401374417,-0.20924435907730676,0.20527142943153526,False,True
02081500,0.00022877395532985585,-2731.1736248979905,0.0003658750365840087,0.00014299519894204208,0.011958059999098603,0.003211189901615813,-1272.6699428190525,0.02347771057929496,True,True
02108000,0.021899177329048808,-0.025603380702985845,0.4936800607298305,0.0004918526825591113,0.022177751972621375,0.010269327087734153,0.10251931856428309,0.3908797968354401,False,True
02137727,0.013230158515496882,-5.467971923217717,0.13390516331362037,0.0011321350117462004,0.033647214026516374,0.015414799845986952,-0.9070871742149882,0.49510112341784046,False,True
02140991,0.015022783407502701,-1.9410724341723622,0.25373804128266503,0.0006637530539042987,0.025763405324302505,0.010037971645467896,-0.11310914764231161,0.3069440371825502,False,True
02177000,0.05351514042846499,-0.8333800546081811,0.35293535661536474,0.00525056260464625,0.07246076596784118,0.054101309751917494,0.22015686531258583,0.39791506087419926,False,True
02212600,0.029240206384110456,-0.15069602402821847,0.46496575472670304,0.0009838332131469508,0.03136611568471542,0.010309737242694196,0.20709507986652298,0.4076754672237267,False,True
02231000,0.050120940175576556,-0.10346190632872299,0.4754067554022644,0.00277201619330549,0.05264994010733051,0.024675210806890634,-0.17254249443129477,0.25591104447605845,False,True
02235200,1.6556586271039528,-0.09300530558789077,0.4777818753398317,2.9961521437342453,1.7309396707379046,0.9624356100739121,0.3874083990569591,0.48938933864597,False,True
02245500,1.0021514939738079,-0.015636952076720556,0.4961210891523373,1.020011926949278,1.0099563985387081,0.18784155525617152,-0.45550302940045495,0.2647909902198325,False,True
02361000,1.4237367800003413,-0.11133211578693691,0.4736346274102307,2.252699558678494,1.5008995831428877,0.9536659629636361,0.18551772049317972,0.48682348421406796,False,True
02369800,0.06104773235667407,-0.15719451973863174,0.4635650567669536,0.0043126621903038466,0.06567086256707648,0.03167732395858316,-0.26760258602358533,0.3088951800084645,False,True
02374500,0.006482397980798013,-7.809017589034921,0.10194700854832363,0.0003701679879863718,0.0192397502059245,0.011314640986226579,-0.9519763937067729,0.1731117400660517,True,True
03159540,0.012379972461035338,-2.257189004367919,0.23489678258916621,0.0004992088974811016,0.02234298318222304,0.010465123007830802,-0.23573210668358535,0.5527483047786217,False,True
03173000,0.027298534567297708,-0.4847796023788917,0.40245018070923255,0.0011064725919311758,0.03326368277763567,0.01875390967168254,-1.2895217554139489,0.014234315013100733,False,True
04043050,1.3764520667093054,-0.16300408884330442,0.46231997672032304,2.203451146341389,1.4844026227211367,0.8446251008079017,-0.1423374093596812,0.503807109281269,False,True
04057800,0.1538200425625949,-0.3416181048250553,0.42705511967960763,0.03174349670181791,0.1781670471827434,0.10816433610613532,-0.22776353342701694,0.5408778946649612,False,True
04059500,0.14069797183355062,-0.04973952826896744,0.4878668661107948,0.0207805589646166,0.14415463559877845,0.06851291676688573,0.2806663385396686,0.36784469916708196,False,True
04063700,0.006272409328713661,-1.2926445835147358,0.30370724037653324,9.019978818544143e-05,0.009497356905236395,0.006775018259793606,-0.902731927748659,0.062241699314586986,True,True
04122200,0.40444481084297584,-0.45649683652762896,0.40708377276542557,0.23824735124153398,0.48810588117900605,0.3710314370837409,0.15791291333645097,0.590247025594859,False,True
04122500,11.134674340504782,-0.043373767711285316,0.4893867268933703,129.35849457826419,11.373587586081367,8.11733853307465,0.2912775235528502,0.6443018981477744,False,True
04124000,10.80207936458113,-0.4042096263483075,0.41593710841216225,163.85008594597653,12.800393976201535,10.404653924189416,0.34193877531384953,0.6824756994611964,False,True
04127997,3.046290300327287,-0.2907558714368561,0.4365371327730174,11.978065525791688,3.460934198419798,2.770704100688578,0.3930952338271416,0.6619708428299463,False,True
05056000,9.61167525124735,-0.18475915314925118,0.45771635677028116,109.45314637751027,10.46198577601357,4.833914862931598,-0.37494208330185175,0.2157544302220048,False,True
05057000,18.921412239152694,-0.08244216356252698,0.4802054133831286,387.53577142452855,19.68592825915325,8.2366261125341,-0.28094583246347926,0.5574136687905878,False,True
05057200,0.30716520928569546,-0.13969738126863862,0.46735580870183346,0.10753097878863621,0.3279191650218636,0.13958259499302936,-0.5656706580725719,0.4618712187398849,False,True
05087500,0.2597306076703945,-0.1018511086312539,0.4757710933440998,0.07433086318400489,0.2726368705512974,0.10913232032708074,-0.3983300144563682,0.2510939065361546,False,True
05120500,0.01861143185989136,-0.060812224307106755,0.4852455688126673,0.00036744986226605885,0.019168981774368165,0.005606394075682488,-0.3348661076901258,-0.018756538057748687,False,True
05129115,10.71110940042529,-0.05249463216678696,0.48721199282470984,120.75046163870067,10.98865149318608,6.038930208850162,0.1149955910870627,0.6439490456117343,False,True
05131500,0.015109445779620324,-0.551391986153893,0.3919429101552735,0.0003541755792079522,0.01881955310861425,0.012305381725565792,-5.703708409635679,0.05278345092614154,False,True
05362000,9.706302320066698,-0.03772581656486884,0.4907431568422522,97.76654085487426,9.887696438244566,7.712254669059991,0.3401354456611012,0.7421132925888383,False,True
05466500,0.027242966328652817,-0.182169297702095,0.4582595864826056,0.0008773814806375572,0.029620625932575383,0.01591271193878148,-0.4131857711029847,0.40333796857190296,False,True
05507600,0.17502112644621606,-0.014374878970261351,0.49643192557643256,0.03107273166892009,0.17627459167140364,0.035061137669161226,-0.5606211746117329,0.2604413252461829,False,True
06280300,0.003738169419797857,-4.948472925649268,0.14391651384416376,8.312342893564183e-05,0.009117205105493778,0.008210241261413832,-3.766022912250838,0.028656945813763404,True,True
06289000,0.13302803490074755,-0.6375729949722073,0.37913642652022117,0.028979241841360456,0.17023290469636138,0.10580630017741983,-0.6353547433377944,-0.010373120518316443,False,True
06339500,0.009292393223263444,-0.45044037384474445,0.40808991341870465,0.00012524345478539964,0.011191222220356437,0.0031464901603010754,-0.14082304538093293,0.08147958347536106,True,True
06352000,0.16643206575218977,-0.25683196477269665,0.443099005867155,0.03481378355170519,0.18658452120072874,0.06628418714981457,-0.5401058684232771,0.013488097176405436,False,True
06353000,7.5556585150367965,-0.09821029964066863,0.4765966500932991,62.69460278499547,7.917992345600965,3.2959319093799353,-0.3592440130936998,0.41934012992057706,False,True
06408700,0.16023243868735462,-0.028275552736111598,0.4930296569669815,0.026400393231761524,0.1624819781753088,0.0673433171516524,-0.22336618894634497,0.3822383731206108,False,True
06431500,0.15160143303522977,-0.008157084812709492,0.4979690122664208,0.023170468733708212,0.15221849011768646,0.032944213157759375,-0.4270847487304079,0.11569637909266962,False,True
06450500,0.06532762933035388,-0.007676308239582097,0.49808826049097693,0.004300459328103437,0.06557788749344887,0.009694549383427084,-0.418562345356968,0.09558716004196703,False,True
06468170,6.782060898993619,-0.09880866497043495,0.47646077352843713,50.541187978391946,7.109232587163818,2.3440499936296257,-0.4852446836021058,0.29422071695912777,False,True
06468250,8.052503507063584,-0.02273629807958666,0.4943798165630456,66.31709824984831,8.143531067654148,2.9151526978503983,-0.2927702584006209,0.42258970273902224,False,True
06470800,0.0746890337638639,-0.1179598817000258,0.47215247495496876,0.006236485274798712,0.07897142062036565,0.023931244220744826,-0.7998570796987323,-0.09067040931793414,False,True
06479215,0.9146708283630878,-0.05688925782538323,0.4861710450358595,0.8842175701213286,0.9403284373671407,0.4753044569844966,-0.19089418724731266,0.39879324977586,False,True
06847900,0.01713166751341066,-47.739360992040204,0.02010480191251412,0.01430471156442458,0.1196023058491122,0.01489591809387222,-35.59872832993517,0.058784970092125605,False,True
07057500,0.021972699814831298,-0.09155206558608664,0.47811384495455234,0.0005270008320430225,0.022956498688672507,0.01021806006012778,-0.47693739782380473,0.3369052071590634,False,True
07068000,0.03311355840663343,-0.05139282552549718,0.48747367523030793,0.001152860381850592,0.033953797752984745,0.008330408308013269,0.17190629588113404,0.29802395123026804,False,True
07142300,0.378538222663366,-0.0672616597502822,0.4837317014435398,0.15292918901623934,0.3910616179277114,0.1593874211595412,-0.2687489168076165,0.41654838256826526,False,True
07180500,0.013647000806541031,-0.41202615794713915,0.4145892019890423,0.00026297664266397016,0.016216554586716937,0.004158979800455715,-2.054352302216477,0.308434697743129,False,True
07184000,0.00034239513203574974,-3916.991313743202,0.00025516770003882855,0.00045932346447055455,0.021431832970386703,0.00373810718449137,-282.85858872500893,0.36527023753456295,True,True
07208500,0.22740458921689718,-0.2911809435507817,0.4364561440748715,0.06677064283739817,0.25840016028903345,0.12403616254407973,-1.1152541209010614,0.06808423551761633,False,True
07292500,0.003339854037426359,-7.067316773282467,0.11028620980206354,8.998789329209638e-05,0.00948619487951288,0.0034376956194305222,-1.517771759430663,0.08709468516049232,True,True
08079600,0.5870657112469795,-0.2263308680061995,0.4491695346682924,0.42265021145294673,0.6501155370031905,0.14946509473625808,-0.8619774029904361,0.08549444304030915,False,True
08104900,2.5779316431733044,-0.225983572216923,0.4492396136616904,8.147557714091379,2.8543927049534337,1.4607350070836305,-0.1011494479765429,0.26889149705499105,False,True
08164000,0.031208438843466163,-1.8086225775976623,0.2625621152072156,0.002735504737190502,0.052302052896521206,0.019172646313276975,-0.30209966352154516,0.1652937472749089,False,True
08171300,0.030864131619744033,-0.4345849347698887,0.4107476332899093,0.0013665778917142488,0.03696725431668207,0.017589614571989407,-0.14741225593990692,0.16687044607823343,False,True
08189500,0.6464611149554226,-0.05798970945152404,0.4859110788588493,0.4421465670486554,0.6649410252410776,0.19047666866366875,-0.4345667668000359,0.4522640392080255,False,True
08194200,0.07386319320234039,-0.09588487190903594,0.47712544396064577,0.005978897243275042,0.0773233292304143,0.008164653371546707,-2.8780400072445893,0.05223369127363375,False,True
08202700,0.06371693333315108,-0.015422411792893387,0.4961739008897957,0.00412246023478273,0.06420638780357239,0.02309885549707276,-0.2821482228374308,0.3476596968962221,False,True
08267500,0.015538872568228003,-0.9827822874489922,0.3352574554997926,0.0004787557917277141,0.021880488836580277,0.016686219309405916,-0.30162049067077823,0.1542488295476219,False,True
08269000,0.536366064522496,-1.0449025699876362,0.328417733249199,0.5882950658259242,0.7670039542439948,0.48187585643392883,-0.5810522804001477,0.28164251732339274,False,True
08271000,0.44338547725785393,-0.4389559648332768,0.41001150263422587,0.2828853336932951,0.53186965855677,0.2990918723841586,-0.3226344344880234,0.5837474560951119,False,True
08377900,1.188588703040965,-0.5534902513046986,0.3916208411169977,2.1946826412101537,1.481446131727426,0.9227832714301746,0.06325870730955496,0.5308671379058978,False,True
08378500,3.9624512474848124,-0.33625398705036136,0.4280356526057984,20.980550427024305,4.580453080976194,2.8071370286528263,0.27393922934208303,0.4995448502271963,False,True
08380500,0.0016439958676073981,-141.03595565340987,0.006991249126360214,0.00038388376075518314,0.019592951813220568,0.007385321139143538,-819.6205964244466,0.005281718590584147,True,True
09034900,0.018874794230564606,-0.8172877454009397,0.35495131856248713,0.0006474230381762349,0.02544450899852923,0.015654253973636522,-0.6872887265062868,0.22190209357322568,False,True
09306242,0.029336874443645678,-0.8984263907425709,0.3450147994766919,0.0016338848537595528,0.04042134156308463,0.0294628835552398,-0.5882606144859164,0.18313563213628883,False,True
09312600,0.18581487714325456,-0.4334727629940627,0.41093535757089544,0.04949375572519268,0.22247192120623374,0.14807669853741595,-0.23049841369609037,0.36599230078993134,False,True
09352900,0.032219391255088596,-0.42909102999654913,0.41167662621578277,0.001483523925254299,0.03851654093054436,0.029118854991594556,0.044290420639297,0.46680962991420055,False,True
09378630,0.10629688644187077,-0.057795869148894674,0.4859568507218359,0.011952065214919627,0.10932550121046611,0.06215649207091313,-1.018915381916964,0.29402665741121664,False,True
09386900,0.06630839617415053,-15.529504688279054,0.05704667746080932,0.07267698246643903,0.2695866882218761,0.18646056467000835,-4.394212010254927,0.383731117471238,False,True
09404450,0.6316102147976268,-0.10884095169384755,0.4741941298118227,0.44235154357777456,0.6650951387416499,0.30426009733337644,0.029721117984657264,0.1707744262149884,False,True
09484600,1.5951559951884815,-0.021993294250760576,0.49456148190172156,2.6004850843326235,1.6126019609105724,0.7056651900670228,-3.6320225580880328,0.3371128692930471,False,True
10166430,0.2691602850856905,-0.008676185391181424,0.497840322533248,0.07307582491816202,0.27032540560990936,0.1523808439483721,0.2703936734853011,0.4659208312934319,False,True
10172700,0.046054266283253216,-1.1578251639692274,0.3166736434334605,0.004576737339329496,0.06765158785519743,0.05135107211669597,0.09804415276747569,0.3720266105275491,False,True
10205030,0.4601719515194627,-0.7808110501339256,0.3596073167041822,0.37710138697482865,0.6140858140152959,0.4548653834914497,-0.3264326452663988,0.5713120900493088,False,True
10242000,0.005706232876400874,-5.27748787094193,0.13741005381717927,0.0002044018703879354,0.014296918212955385,0.01030170585079556,-10.798162154892609,0.08564030821102192,True,True
10244950,0.029972260512021065,-1.7307378299742067,0.26804349315720044,0.0024531211920702373,0.04952899344899144,0.03162094351370003,0.0007678382040966492,0.17571622916955243,False,True
10259200,0.0018813214063554396,-24.60877150947028,0.037581592207069456,9.063892361021341e-05,0.009520447658078553,0.008299653631714381,-601.6132189082034,0.6342198306614697,True,True
10263500,0.4706450159670986,-0.331948130632274,0.42882600468856247,0.2950354763507343,0.5431716822062195,0.21594481129211304,0.4122699383736079,0.5810568196801738,False,True
10316500,0.05542675308712372,-0.12150358112965765,0.4713638048480315,0.003445399141829166,0.05869752245051887,0.021760910279582327,-0.7947477524535969,0.16395430134200467,False,True
11151300,0.0005843598055584847,-115.28404986709226,0.008526308574211177,3.970825667389494e-05,0.006301448775789179,0.005083879198672053,-880.6078922672174,0.19400165235761896,True,True
11224500,0.02377695601110491,-21.572993925085218,0.04242142526222981,0.01276149848706323,0.11296680258847389,0.08747993638310299,-65.31160528066857,0.26574339166296157,False,True
11253310,0.0023474923838413555,-1.8580834423566714,0.2591960528954138,1.575009899419291e-05,0.0039686394386732726,0.00327224417300841,-5.526818612901916,0.14132095173191114,True,True
12374250,0.009923650523405991,-1.7931166992621548,0.2636354426412776,0.00027506289171990605,0.01658502010007543,0.01530054913925849,-0.7454749886204541,0.4566819463316403,True,True
14096850,2.027208246624367,-0.026135814109955247,0.49355033015853467,4.216980318373234,2.053528747880885,0.987307525501296,-0.04646144682189557,0.5810372994620812,False,True
14154500,0.06690827009298761,-0.03781813707216042,0.4907209244082753,0.004646017689106727,0.06816170251033,0.025944246438451512,-0.24712638966443468,0.45868174156753266,False,True
