basin,std_obs,NSE,NNSE,MSE,RMSE,MAE,KGE,Pearson-r,low_var_flag,neg_basin_flag
02018000,0.008665420495817306,-0.2975591217512925,0.4352445125493701,9.743308172268149e-05,0.009870819708751725,0.005595187080117728,0.11515263685323895,0.24624807985011735,True,True
03069500,0.002389832151312703,-12.916833086032453,0.06703835822473347,7.948317695485958e-05,0.008915333810624232,0.00594054593838155,-1.5185196867918425,0.2062126560216869,True,True
05057000,6.428052870370109,-0.10790486309049574,0.4744047122382242,45.778477940200965,6.765979451653764,2.968537158406795,-0.2657221332465123,0.2587166982040537,False,True
05514500,0.0011860516521620403,-30.980715586736164,0.030320749025899527,4.498786494976543e-05,0.006707299378271811,0.0027993052891060683,-12.628527879700963,0.054986392121216254,True,True
06353000,0.030150654134011908,-0.016755775926553973,0.4958458589466898,0.0009242939829577076,0.030402203587202484,0.007188460090175929,-6.818614852226778,0.15299575891241182,False,True
06847900,0.006409378593561812,-0.09996441693895597,0.4761985450485226,4.5186685594254996e-05,0.006722104253450328,0.0033644516241566704,-77.54985496898226,0.5769267347885009,True,True
07148400,0.007244182639843864,-3.7705058492669696,0.17329503272698885,0.00025034747475956754,0.015822372602096298,0.003813700961637907,-10.736246908567328,0.24094029267492606,True,True
07149000,0.07573824175074047,-0.053083379311701595,0.4870722787377739,0.006040782457642243,0.07772247073814781,0.011139426656127566,-0.15194664083841958,0.14529433191607416,False,True
07292500,0.0024754375445908074,-57.49913752572838,0.016806966312202156,0.0003584704906123198,0.0189333169469145,0.00699720439176588,-10.515872944945476,0.007542136249770857,True,True
08013000,0.006969781040224994,-0.41952576204778746,0.41330413409346833,6.895750634408608e-05,0.008304065651479767,0.0038687828243757433,-0.06340664198725254,0.08169523648212199,True,True
09430500,0.011266375679154794,-2.6270021636406886,0.2161226566648425,0.0004603798129969005,0.02145646319869378,0.01745041026142958,-5.0637074917913125,0.11674738868486201,False,True
09447800,0.006384664807318517,-1.5736225706447202,0.2798280960654413,0.00010491100815309557,0.01024260748799326,0.006493145385880876,-87.18368450941357,0.1833432298026921,True,True
09497800,0.09410729029651026,-1.2669859264408583,0.30609253376534334,0.020076840153117025,0.14169276676357556,0.05769682493267626,-0.6698337195112862,0.3507254473749513,False,True
13338500,0.004004053967395802,-0.620369668222376,0.3816255439555544,2.597849272820201e-05,0.005096910115766415,0.003153221095064065,-0.053545729287336474,0.14887301885755977,True,True
