basin,std_obs,NSE,NNSE,MSE,RMSE,MAE,KGE,Pearson-r,low_var_flag,neg_basin_flag
01022500,0.02600050632670818,-0.7741588572026263,0.36046962393796306,0.0011993780997325368,0.03463203863090558,0.022206752523410932,-1.3444902561681462,0.038031998307905907,False,True
01052500,0.005529097159749083,-18.387913790453897,0.049048667277974446,0.0005927062723081761,0.024345559601458663,0.023323717010822774,-0.3698450432642546,0.08090765702672931,True,True
01137500,0.004347148202928372,-28.091648822234124,0.03323181145398453,0.0005497651791671269,0.023447071867658164,0.019095012529274744,-2.5417094767209227,-0.0607988575617494,True,True
01142500,0.00951460930534526,-6.797706301781162,0.11366599039542187,0.0007059091203890147,0.026568950306495264,0.013821527789974657,-1.1719520073727039,0.18512173872792836,True,True
01162500,0.004935320105368157,-9.363929420598213,0.08799773062541237,0.0002524382142683337,0.01588830432325406,0.007673373037842869,-1.3074269481384548,0.0352559082729973,True,True
01170100,0.08531766662936296,-0.0506300273872029,0.4876550068244849,0.007647645486057996,0.08745081752652742,0.03789442292464645,-0.3147778078926804,0.5507763434817732,False,True
01411300,0.06382435487712955,-0.43843854354897105,0.41009850448991525,0.005859548848460421,0.07654769002693955,0.055512908043217034,0.006552949762630544,0.49085387496331534,False,True
01423000,0.009235017092979738,-0.5805577660637702,0.3875131233839189,0.00013479872369838916,0.01161028525482424,0.006125262762952168,-1.6745140804106162,-0.4606898848009859,True,True
01487000,0.007744244094171833,-4.968650845227376,0.14349979963264634,0.0003579597867566807,0.01891982523060614,0.01284666634185382,-0.35885518306807684,0.272253548266138,True,True
01543500,0.005835246912906666,-2.519294946783468,0.2212734534424962,0.00011983236786460999,0.010946797150975714,0.00897763948329327,-36.30839792487548,-0.07286340900110637,True,True
01583500,0.005032018301648334,-0.8764119343990509,0.3476553507656487,4.7513017237598444e-05,0.006892968681025502,0.003524672812413009,-0.508874836575617,-0.19673926757740187,True,True
01605500,0.23289956499578376,-0.04197026276055382,0.48972309648040274,0.05651876707147596,0.2377367600340258,0.17902472083285298,0.25242058590842376,0.33184052216700727,False,True
01667500,0.04674249160152873,-0.4066402237713478,0.41551703080610064,0.0030733126923359905,0.05543746650358393,0.030082291821661174,0.17263430881085262,0.2725765781575215,False,True
02014000,0.0033015033658087356,-4.8951666085397045,0.14502912790555259,6.425687079736116e-05,0.008016038348047066,0.004277285084551686,-20.057760662443457,0.3019284493134602,True,True
02015700,0.010836732323736569,-4.221298098368202,0.16073815853033827,0.0006131619280019797,0.024762106695553586,0.01750773500438489,-101.15359357628009,0.0599210046170571,False,True
02027500,0.043151120992082605,-0.49822458263420133,0.40028426865673167,0.002789723003010779,0.052817828457924876,0.03661689643134262,-0.21078587102174873,0.47189276915335393,False,True
02028500,0.005034801536083896,-2.91827514800407,0.20332331354129693,9.932524424645363e-05,0.009966205107585014,0.008408534589350022,-0.2950841834935767,0.09729042866908894,True,True
02059500,0.010334404734513832,-0.7896562449412894,0.35846710569210144,0.00019113514596477983,0.013825163505896769,0.008138429514281228,-0.7860317071591261,-0.1257707495366192,False,True
02070000,0.0049530832015809365,-3.1507227884248357,0.19414750920924911,0.00010182981997982487,0.010091076254781988,0.005284377607495828,-0.2830331779787403,0.057290862538880036,True,True
02082950,0.003727685067306706,-6.84659268659306,0.11303787067256889,0.00010903339550731005,0.01044190574116191,0.00532596945718353,-3.282266536775902,0.47378670984852267,True,True
02137727,0.0045840264618829335,-6.8624114918161805,0.11283610571721144,0.00016521520041910243,0.012853606514091771,0.008338545017292767,-0.7879687449996953,0.14615571390043,True,True
02196000,0.009450526189242596,-4.933207369934934,0.14423338963383475,0.0005299092584053337,0.02301975800058145,0.013396683771634558,-8.88513704761511,0.5493643023308421,True,True
02198100,0.028943994651848635,-0.03373652601412247,0.4917057776209975,0.0008660177639007532,0.029428179758536767,0.007366417919545395,-0.010606833045645248,0.2061587738924634,False,True
02215100,0.00012339559492717227,-1616.3260766991457,0.000617922441217577,2.46261715923013e-05,0.004962476356850609,0.002634032086922998,-623.6444569429428,0.24975815286585565,True,True
02312200,0.23306306954828288,-0.12405872213944313,0.4707967767448336,0.061057064983618486,0.2470972783816497,0.1352679354468505,-0.23319929850493004,0.4908601187313155,False,True
02315500,0.34878000629665473,-0.014326569727034277,0.49644383141682547,0.12339028407990224,0.35126953195502486,0.13966291541209871,-0.17390675796335642,0.2880890795291634,False,True
02349900,0.004207755264199937,-5.7020324460854,0.12983585917094592,0.00011866085410809486,0.010893156296872585,0.004023522853577024,-28.105669515849367,0.071683234739954,True,True
02363000,0.0752364424078733,-0.2971161576625321,0.4353284428670627,0.007342354892287778,0.08568754222340479,0.025501147812586264,0.1352917878456037,0.27511889055718625,False,True
02408540,0.011375727682925522,-2.0278660872780674,0.24827041871090988,0.0003918276127293307,0.01979463595849468,0.007437869474381123,-0.15211695626260013,0.37075698861549033,False,True
02430085,0.01200434890722849,-0.31145909277251493,0.4326271674574758,0.0001889870160971425,0.013747254856775679,0.004152681411539853,-1.5956020731452307,-0.04894407520957348,False,True
02469800,0.05465657686911783,-0.22894257051158928,0.44864323254882205,0.0036712710130281613,0.0605910142927824,0.026973312636359704,-0.423971756176611,0.08500417275881648,False,True
02472000,0.04204006020466436,-0.0351771332192512,0.4913577219778389,0.0018295375545286567,0.0427730938152556,0.00922745836532761,-0.668034347541332,0.04181250887135331,False,True
02481000,0.0015017901608579578,-73.48511713807356,0.013247644541252424,0.00016799177328492807,0.012961164040506859,0.005146741371913475,-21.159492285135496,0.3060792226078531,True,True
03011800,0.012316237190707553,-0.06253831310597402,0.4848394784454215,0.0001611761163998736,0.01269551560197039,0.005183258789776202,0.34882702645987784,0.38063835202996116,False,True
03028000,0.0009403486561162638,-7.350786552634371,0.10694287527269808,7.38422973231594e-06,0.002717393922918784,0.001451781210347579,-62.623454981989774,0.006500514394659688,True,True
03049800,0.017935945359988974,-0.2888463606385996,0.43690132164266154,0.0004146194717517694,0.020362206946983163,0.011847411901960286,-0.4783953212244616,0.5034637163472884,False,True
03076600,0.006280899892828957,-2.5132742222978135,0.2215686330468253,0.0001385976262564463,0.011772749307466216,0.009799778792346281,-0.3991540155272988,0.09818952890088585,True,True
03165000,0.03060735015806158,-0.49273140304519836,0.40116636665240746,0.0013984055320794117,0.03739526082379172,0.021266135101924814,0.3591028704427127,0.4716785414915876,False,True
03456500,0.1204945083432878,-0.0002588292460792285,0.4999353010614689,0.014522684463701113,0.12051010108576424,0.07313550879671203,0.5414355296287066,0.5548184512515674,False,True
03471500,0.0102354421379509,-0.2614803290182899,0.44218823713319705,0.00013215807305425617,0.01149600248148269,0.0053856226864746354,0.1716825704590551,0.20748356078124544,False,True
03473000,0.0377946729358394,-0.032834975182411075,0.49192384635662206,0.001475340005698611,0.03841015498144483,0.017552358366769074,-0.838619486221067,0.32368643497647986,False,True
03488000,0.006528221393032137,-2.9635859501613644,0.2014672476795713,0.00016891881610046477,0.012996877167245399,0.008989897556948762,-0.30276049027304563,0.27628392261762974,True,True
03504000,0.018993462662088234,-5.046578471713861,0.14191284522185718,0.0021813130026862144,0.046704528717097814,0.026356364643322108,-0.83797278872485,0.5229873052894309,False,True
04024430,0.05732398594465849,-0.1586419250594353,0.4632542286847626,0.0038073429752019995,0.061703670678509875,0.02372044635689668,-0.6165958956065256,0.003808615361116331,False,True
04040500,0.6251448908404492,-0.20133748297520015,0.4542692829853867,0.4694900580042569,0.6851934456810405,0.4297946251478315,0.06134491655671259,0.619325147727378,False,True
04057510,0.22833735293072577,-0.133580240001125,0.46869575432488664,0.05910254618256152,0.24311015236423492,0.1433054978687657,-0.0855413786629029,0.6597169790517091,False,True
04063700,0.03278070714813664,-0.6952064943980398,0.37102908518456384,0.0018216261137870135,0.04268051210783457,0.030907814255761452,-0.06837781284894717,0.2867912320853308,False,True
04122200,4.186635038296576,-0.216109688392351,0.4512412022012491,21.31586474836545,4.616910736451968,3.247491675369094,0.13022529223147894,0.5557869091323983,False,True
04122500,2.9709505381433634,-0.32741827137790724,0.42966062967614643,11.71651989384291,3.422940241056351,2.427116426942418,0.12108951819739244,0.49265445972746996,False,True
04124000,0.023239132849167267,-0.22134164445726312,0.4501783876853073,0.0006595944654863401,0.025682571239779326,0.007125016273714647,0.07026906815575829,0.14580919732254868,False,True
04127997,0.6196182124545031,-0.18920011003143422,0.4567878447556086,0.4565657086149677,0.6756964618931844,0.4620365725598641,0.16750598528606642,0.488639242816363,False,True
05062500,0.044054791534730645,-0.0015385506057075116,0.4996156580133712,0.0019438107141204334,0.04408866877237771,0.011248493721657654,-0.29975296532253703,0.15733468509769896,False,True
05123400,0.09672592068079616,-0.6082892537771241,0.38339306062465156,0.015046999430821415,0.12266621144724987,0.07920809672572104,0.07765630666556089,0.2478484440002584,False,True
05362000,0.1562467314617455,-0.4015004219756906,0.41640633949058814,0.03421488739281893,0.18497266661001277,0.11983834538268948,-0.04295313668650369,0.4284922755236717,False,True
05393500,0.259585298608217,-0.4554391408216696,0.40725912663645475,0.09807407845053343,0.31316781196434196,0.24808959507568837,0.2746045038821665,0.503183200434398,False,True
05399500,0.025326440397800878,-0.08536950077803751,0.47953132508503005,0.0006961870211579025,0.026385356187815668,0.008795351389082832,-0.16537099354452978,0.05396884970329634,False,True
05458000,0.027799654702567202,-1.1202551100369065,0.3204866155922014,0.0016385772536969831,0.04047934354330593,0.009351236642315762,-1.547428186106519,0.111294668972128,False,True
05489000,0.048107126307205816,-0.014630455656775565,0.49636894805801834,0.002348154800712418,0.04845776305931195,0.005620281521987257,-0.9560410524291407,0.2755176401940866,False,True
05495000,0.019145172071354247,-0.5151526561069173,0.3975901810858079,0.0005553604388724078,0.0235660866261755,0.007873908764905286,0.07440744358596418,0.3956561387057604,False,True
06188000,0.005906711253480987,-0.3183968339112815,0.43133254211399913,4.59978606952851e-05,0.006782172269655579,0.002646322617928676,-1.269503794692803,-0.2597021010734532,True,True
06191500,0.023275317453932753,-0.6139315114828907,0.3825654940104751,0.0008743319067694626,0.029569103922328498,0.020294894683210156,-0.011741729934286793,0.06755278255692254,False,True
06280300,0.005946737507728681,-0.2925128624612612,0.4362025689689661,4.570802029323545e-05,0.006760770687816253,0.005064842896119452,-0.06555449671960578,0.5901438621193885,True,True
06339500,0.6078802881940839,-0.03244148033421035,0.4920190862447672,0.38150617013421606,0.617661857438369,0.12182568057843382,-0.6623749428863479,0.05381836747103734,False,True
06350000,0.0026210462035375836,-1.8148512368088845,0.2621334196078634,1.9337699225289185e-05,0.004397465090855092,0.0016461146296605205,-36.75553008494489,0.07380161897740951,True,True
06352000,0.000952774531365796,-35.029249869974436,0.02700567803861619,3.2706607501008586e-05,0.005718969094251916,0.0012229591411904816,-4.141433863962783,0.004424955578232386,True,True
06404000,0.00016282937064242124,-398.9868418541828,0.002493847417476222,1.0605012710287593e-05,0.0032565338490928653,0.002195260617398951,-2685.8320897641884,0.00041788330934296706,True,True
06464500,0.5662906216783502,-0.23446787623248477,0.44753384491975357,0.3958754150813757,0.6291863118992463,0.32879721076708834,-0.3443268311310028,0.5019032490430088,False,True
06468170,0.015636148574568593,-0.317681715332506,0.4314656293763508,0.00032215887233486056,0.017948784703563096,0.006973667948436141,-0.505986978530619,0.07196902546864896,False,True
06470800,2.828249893806074,-0.08731159283966194,0.4790851559634947,8.697402671325467,2.9491359194390254,1.0076960642235429,-0.39496903213964374,0.5343148764853305,False,True
06479215,0.46566178464176133,-0.12721015492850207,0.47009929775067816,0.24442526186391775,0.4943938327527132,0.2450889906049132,-0.2799826345053842,0.48850532901053123,False,True
06903400,0.006076024658224148,-0.2273762802109427,0.44895871832903567,4.5312370360588026e-05,0.006731446379537463,0.0018205642156499048,-1.852225782829779,-0.03710545488686563,True,True
07142300,0.00034536379808000877,-18834.62005022296,5.308808041643137e-05,0.0022466402994170075,0.04739873731880426,0.008730643167344803,-1325.0101964774149,0.1192608321483037,True,True
07301410,0.05378698729070743,-0.0910479436045275,0.4782291114168382,0.0031564453447412272,0.05618225115408982,0.03053387519043033,-1.6294028224948893,0.3177105044730648,False,True
07335700,0.028957522832251923,-0.027950363414385393,0.49310871609122464,0.000861975574011032,0.02935942053261665,0.00451021240905203,-0.5639001346800168,0.24470983241661362,False,True
08070000,0.07618565565676773,-0.07828310500153712,0.4811664000892989,0.0062586291631977955,0.07911149829953795,0.026937751256265397,-3.751093417884687,0.5012676386230046,False,True
08070200,0.012178208337078174,-13.622773486918081,0.06400912109731106,0.0021686853787657038,0.04656914621040098,0.015397263956366649,-5.67895121819178,0.7810472673334932,False,True
08079600,0.5586721441900919,-0.09276332981797442,0.4778371188714295,0.34106735099965363,0.5840097182407615,0.1883877316800014,-2.298243222581787,0.15227008555703309,False,True
08164000,0.05056207795647584,-0.5682391550275199,0.38937183791564944,0.00400924060987228,0.0633185644963014,0.026885313646702828,-5.1289563080604905,0.07487736634523398,False,True
08176900,0.045806801950543014,-0.0130791449556793,0.4967514578379959,0.0021257065922408868,0.04610538571838313,0.010752588763015682,-0.35448740593485817,0.013446791836943093,False,True
08189500,0.02912490161101666,-0.35793261264435583,0.4241003303646273,0.0011518797738590564,0.03393935435241891,0.022260457368805595,-0.12031552870282103,0.13798550298490334,False,True
08196000,0.022145368414338867,-0.3375126392874308,0.4278051734106733,0.000655939393727341,0.025611313783703894,0.009170068875887349,0.42747280403499,0.4709692721814262,False,True
08269000,0.006087915548185234,-3.872698464903438,0.17027947305250288,0.0001805954380029405,0.013438580207854567,0.009781328845232267,-5.027243571303579,0.05987940560253668,True,True
08324000,0.002513507214792353,-4.490555885495004,0.15407000843098584,3.4687786596370655e-05,0.005889633825321457,0.0035012987366342782,-6.9106323531339235,0.1310642039440778,True,True
08380500,0.0460376632639924,-0.5732277723519883,0.3886169777679562,0.003334403464101899,0.0577442937795753,0.0346601325798493,-4.764348239814413,0.19210867808313323,False,True
09107000,0.014871264629271635,-4.121908132289037,0.16334776321220143,0.0011327330918345783,0.03365610036582638,0.018285204972688315,-1.08741112970882,0.5151771058004495,False,True
09210500,0.009524821233110853,-0.53486466250883,0.39449837886424705,0.00013924632884979062,0.011800268168554078,0.008833744552239857,0.05482169156882555,0.16739388475171396,True,True
09312600,0.006971621263071909,-7.5321588234107,0.10490802960018139,0.0004146928072748561,0.0203640076427715,0.01556822844966178,-8.604496248385388,0.2304847343233491,True,True
09386900,0.004050745198389212,-31.574873700747986,0.02978417756423971,0.0005345060093876443,0.023119386008015965,0.019337447279420023,-15.183004376740985,0.2006995621569025,True,True
09492400,0.04024523266172513,-0.3051402652326769,0.4338130807406905,0.002113907955972296,0.04597725476768155,0.030660239565055404,-0.06388993234830309,0.46948541984804315,False,True
09494000,0.00020756216368385806,-18474.97180934557,5.412142261829963e-05,0.0007959827744185374,0.02821316668540661,0.014132591097502456,-7340.023686860679,0.2210155752474383,True,True
09497800,0.00943719216212253,-157.45332208768048,0.006271427819171545,0.014111947288228295,0.11879371737692315,0.04579524933157845,-21.19405627214639,0.3704124159400981,True,True
09505200,0.0013305145759303586,-166.449811902309,0.005936486296464026,0.0002964312172224699,0.01721717796918153,0.01053709922232664,-576.9130247368192,0.203983921739243,True,True
09505800,4.1414216995778785,-0.07024044181022737,0.48303568020610954,18.356093759634753,4.284401213662739,1.3562388920897785,0.3818519134138615,0.5556056986258161,False,True
10172700,0.011751057055998826,-5.220400693459881,0.1384964688879086,0.0008589585975201787,0.029307995453803706,0.02374779217475275,-1.254273598731658,0.03212201284169829,False,True
10173450,0.05894687324132358,-0.08010734168538902,0.4807444211940325,0.003753085557912304,0.06126243186417189,0.032995207097836696,-0.23936042899788812,0.3464702103968292,False,True
10205030,0.01785823379890871,-0.3924023349670147,0.41798989466952996,0.00044406009933305597,0.021072733551512863,0.013536862444389685,-0.34626502253477787,0.5265356798238985,False,True
10242000,0.02671088044831117,-1.8612965587523753,0.2589803670306821,0.0020414525014103343,0.045182435762255384,0.02887212606047416,-0.8466436656198804,0.29376209846329526,False,True
10329500,0.006413339067264353,-0.18708010035950173,0.4572306244456363,4.882569425746472e-05,0.006987538497744733,0.005304904021697597,-1.5614757355218218,0.3691309085423213,True,True
11098000,0.13498103631364589,-1.2743358799045774,0.3054054430204462,0.041438127185242354,0.2035635703784996,0.04728659607222485,-0.6803401669276243,0.5177511919448955,False,True
11124500,2.366866566278892,-1.211388828816808,0.3113917539435535,12.388327025747891,3.5197055311130634,0.6400853261173758,0.031593896105808206,0.576074640776468,False,True
11176400,0.0779938527735085,-0.9950618025002567,0.33388292661113267,0.012136042882706477,0.11016370946326416,0.03237414087421545,-2.709741373406018,0.6131972429689844,False,True
11224500,0.009735148120819529,-10.601210640710637,0.07935745449483302,0.001099482799821783,0.033158449900768626,0.01591391108759783,-136.81517217195326,0.2297121294555793,True,True
11253310,0.1678883385097106,-1.906205123127645,0.25600294108449523,0.08191573386899291,0.28620924839877715,0.0869028854300158,-6.098242738882739,0.4203836499114027,False,True
11475560,0.016904625051857653,-1.152603721444848,0.31719812839074396,0.0006151417044782488,0.024802050408751466,0.013414438003234823,-1.8977415735437595,0.3332166577819536,False,True
12035000,0.020102443316768144,-0.5541273865581535,0.3915231500444316,0.0006280356631864213,0.02506063972021507,0.014312396040886967,0.25452835124909234,0.41438864488876753,False,True
12082500,0.009837534564894976,-1.1263136439122734,0.3198655393860606,0.0002057784390507307,0.014344979576518424,0.01107671637894166,0.252137702340274,0.39607337032313705,True,True
12189500,0.13691520465024531,-0.5281760619067801,0.3955420728277081,0.028646841964616553,0.1692537797646379,0.08451589886275489,0.36757261199590097,0.5147475788265801,False,True
12447390,0.0328531005651069,-1.649564459576983,0.2740052987352658,0.002859744384166709,0.053476577902542614,0.03523122803825471,-0.6672446834312391,0.5454548801842224,False,True
13011500,0.004590278353971934,-0.8407546396751182,0.35201913816617564,3.878590662769628e-05,0.0062278332209281485,0.0035833209556869316,-1.369867674021147,-0.10265590103775148,True,True
13235000,0.005975593188112193,-1.8313073421092652,0.26100751276441997,0.00010109951267604254,0.010054825342890972,0.00788708211373997,-0.2625509044884189,0.48712325235528775,True,True
14096850,0.005259250046366848,-0.5410628273736393,0.39353611773289676,4.262535251537404e-05,0.006528809425567118,0.003820811271869425,-0.2100847031642601,-0.033304507490891894,True,True
14141500,0.1199466516496555,-0.1651861578884113,0.4618540518360074,0.01676376540751887,0.12947496054264265,0.06470050563228483,-0.3169672618972452,0.44245430141541375,False,True
14309500,0.02895782112242901,-0.21573631612523103,0.45131724055899847,0.0010194622579186754,0.03192901905663053,0.015677738925046463,-1.2025419386465632,0.41850694746519485,False,True
14316700,0.03486387716743141,-0.09682058820745976,0.47691252443056414,0.0013331743812395208,0.03651266056095503,0.023265197496411698,0.18851416394116483,0.3361665751369375,False,True
394220106431500,0.024462892560854856,-2.293609024178714,0.23290429901015056,0.001971004699512676,0.0443959986880876,0.032557005495229115,-2.4978247116644847,0.41903185077756866,False,True
