basin,std_obs,NSE,NNSE,MSE,RMSE,MAE,KGE,Pearson-r,low_var_flag,neg_basin_flag
01423000,0.09776413208106287,-0.2077180846310216,0.45295638377086134,0.011543158732140173,0.10743909312787489,0.053650329727849395,-0.3328732477454377,0.5893670985023367,False,True
01439500,0.027104121534979802,-0.8930376818651629,0.34565744036741775,0.001390688716475216,0.037291939028095814,0.018308687632209702,0.07921788298746513,0.6631378093554856,False,True
01440400,0.0049266224630219665,-13.377147316687077,0.06503156791083176,0.00034895649666986754,0.01868037731604658,0.011756582156260211,-1.7016639129215538,0.16441508509802572,True,True
01491000,0.025222942935901386,-0.5002288683472877,0.3999633844164932,0.0009544408808432952,0.030894026620744912,0.011871866767282812,0.17339483265633115,0.31698170527974356,False,True
01550000,0.03161488306691547,-1.304070525642146,0.3026569778820475,0.002302920405833193,0.0479887529097516,0.019762054686710055,-0.9347382128577535,0.5914594981096429,False,True
01632000,0.09309680707877609,-0.5408222077082703,0.3935733861921664,0.013354329938866944,0.11556093604184307,0.04131149830950743,-1.693939597914333,0.3355023023009591,False,True
01639500,0.003091047883235955,-3.474356509145145,0.18266987148707936,4.275058386571511e-05,0.006538393064485731,0.0038522365365260894,-3.362302627208833,0.2592901432546346,True,True
01667500,0.010829122800033685,-2.86686991720247,0.20547087080864715,0.00045346745089387724,0.02129477520176903,0.006386611909780522,-0.32988305274712415,0.4609639219323595,False,True
02018000,0.009081855254282884,-0.9611236914515697,0.33770963465217185,0.00016175366810262002,0.01271824154915372,0.009199471475790961,-5.806527406441342,0.6218672633093714,True,True
02027500,0.007379411682216382,-5.9123267771986034,0.12638507333667717,0.00037641570923974165,0.01940143575201953,0.008507147077971023,-0.931847179793778,0.38643577730565065,True,True
02046000,0.007872486611251376,-0.4742900323346926,0.4041563385584265,9.137066604210084e-05,0.00955880044995714,0.003278684140603463,0.27694910131161343,0.5213936450002123,True,True
02051500,0.003553137922958796,-0.40782152079909273,0.4153131747356948,1.7773449789921557e-05,0.004215856946093114,0.0014628952566872826,-3.5599640950411464,-0.041796537316951356,True,True
02137727,0.015858322810490932,-0.4915624435753403,0.40135458076861236,0.00037510767283264383,0.019367696632089315,0.006885693701244029,0.2505504610056769,0.6876829420854176,False,True
02215100,0.012304944493969242,-1.385904671226034,0.29534204211304643,0.0003612537844853817,0.019006677365741274,0.008810029569803405,0.012430026249789283,0.565796092780103,False,True
02350900,0.003447526831148872,-35.86107931461203,0.02641234793362222,0.00043811019266038555,0.02093108197538736,0.00807610481187857,-4.086538569843214,0.3458480934250812,True,True
03050000,0.003007241487004847,-2.1207451408051656,0.2426745566226905,2.822246292871472e-05,0.005312481805024345,0.004304239046008234,-32.13352499283082,0.24332622030462048,True,True
03170000,0.006969476377198786,-5.112781941853716,0.14059196643098304,0.0002969198308744786,0.01723136184039087,0.006501033638087231,-0.6597002828334744,0.1697135880778727,True,True
03182500,0.007754556929076876,-4.361878814651262,0.15718626983227388,0.00032242668002053224,0.0179562434829931,0.008910690354161794,-0.5246643728522704,0.151618525716111,True,True
03281500,0.04615581040569773,-0.1443190921465356,0.4663485036636811,0.0024378102871057796,0.0493741864450016,0.010690193880589206,-14.210233146143135,0.08428660886450627,False,True
03473000,0.003980047730905217,-2.286195633428624,0.23330712956750355,5.205590186986426e-05,0.00721497760702445,0.00512796122715946,-1.207633841035864,0.2661308764349758,True,True
03498500,0.0169243562265983,-0.6279708003270938,0.3805217317770554,0.00046630591746459613,0.021594117658857843,0.013894506048334431,0.21882579275239378,0.7297425678834755,False,True
04185000,0.004113596444450576,-3.381410144936549,0.18582489962057905,7.41408016154656e-05,0.008610505305466433,0.006912495083631188,-20.21585788619691,0.3833206236732181,True,True
05087500,0.013381584187087061,-2.280214287866759,0.2336331624411253,0.0005873774606095872,0.024235871360642,0.017058280638978754,-3.3217559872556306,0.655892742756078,False,True
05489000,0.022185929665711188,-0.05954054706170453,0.4855451869722474,0.0005215222537934728,0.02283686173259086,0.007687297818373043,-3.263256810736393,0.3176645771883391,False,True
06339500,0.014371310834086578,-0.0012049723931113476,0.49969893828724843,0.00020678344355114057,0.01437996674374251,0.0028245133023290605,-0.41737464348951114,0.055196466406472744,False,True
06431500,0.7854859001240264,-0.24012025680320348,0.4464046057183843,0.7651394401405641,0.874722493217457,0.5526012115850297,-0.016138280630534796,0.4800533580885346,False,True
06450500,0.009334748627166904,-0.4018994429175631,0.4163371630518012,0.00012215805747323505,0.01105251362691922,0.0066479590277469585,-15.456008747962962,0.09531960447089133,True,True
06468250,3.0246730207174592,-0.040320219634153,0.49011914422889397,9.517522333903955,3.08504818988358,1.2101232146726306,-0.05742500904929604,0.8584549061586081,False,True
06479215,0.004009233401305564,-1.0902521072577365,0.32359819370445847,3.359861301431857e-05,0.00579643105835984,0.003972713380919977,-0.44424235079611885,0.12668278383518478,True,True
06847900,0.0006613834069059413,-63.686892091445586,0.015223737463600142,2.8295858540837574e-05,0.005319385165678227,0.0047508297607392795,-630.7871376251207,0.03633710224544061,True,True
06853800,0.0010793828373676876,-36.77977522363524,0.02578663734467771,4.4015981077241546e-05,0.006634454090371079,0.0041160701284005926,-117.47104244522257,0.48721316259167324,True,True
07060710,0.005323715008686456,-45.50309338282008,0.02105126063983149,0.0013179879519325788,0.03630410378913903,0.022258618356219697,-5.1792239997441145,0.294687210191303,True,True
07066000,0.009519977768955194,-2.415179982728242,0.22649133306272984,0.0003095176823340556,0.017593114628571476,0.004572092727552891,-0.3326720052913523,0.5929745945332925,True,True
07142300,0.0011192026614037422,-118.17436095947569,0.00832124250144515,0.00014927954416093042,0.012218000825050325,0.003876205274525174,-184.2849117557694,0.027572013035783046,True,True
07151500,0.0029939674520426366,-12.522920567920153,0.06885667351296484,0.00012121731123137132,0.011009873352194898,0.005424475581324905,-24.79264239957392,0.3752706553742951,True,True
08178880,0.06026617803891121,-0.35604802843271743,0.4244395648696588,0.004925183003960778,0.07017964807521322,0.010646333160292926,0.376915082403663,0.4097918246441671,False,True
09430500,0.004094463304464339,-1.9552377910578094,0.25282929948253624,4.9543467395035296e-05,0.007038712055130207,0.005713814032403867,-78.83529476291784,0.02081446229742215,True,True
09497800,0.4987745427989516,-4.383091182112259,0.15666390647878622,1.3391841317072053,1.157231235193384,0.6595883450009936,-3.3789957431452686,0.3423322695331778,False,True
09505800,0.008412299378365023,-0.14851822964984995,0.4654370561998782,8.127693783831533e-05,0.009015372307249176,0.002441834523431143,-6.356920932789796,0.35141196666879937,True,True
10258500,0.062140649842284096,-11.334997175921064,0.0749906420532053,0.04763110267033263,0.21824551008058019,0.02452690496260156,-2.7962993830289107,0.8056688641505678,False,True
10259000,0.046060988384758104,-0.0964312566178811,0.4770010926154929,0.0023262046178338094,0.04823074349244276,0.004244698309124774,0.2915023685505742,0.4436220085680706,False,True
11148900,0.027139541049676537,-2.758982825827266,0.21012893649730024,0.002768696423929579,0.052618403851975394,0.006989724686525127,-0.3681610171955081,0.5081915897059303,False,True
11151300,0.012471089908502353,-2.4163214932928256,0.22643279061968752,0.0005313339344920157,0.02305068186609706,0.005141590302863339,-16.323370946376325,0.30619572883829893,False,True
11264500,0.016231696762224444,-0.07570012805597992,0.4817651579260445,0.0002834125395888649,0.016834860842574996,0.0072347981341189015,-1.2714416807334956,0.2725753346899646,False,True
11274500,0.0044842362962301445,-5.876839239732715,0.12695447622642264,0.00013828206335049682,0.011759339409613824,0.006631873089772573,-5.781216570573846,0.14162588319176272,True,True
13083000,0.008535199006052789,-0.09132798132661502,0.4781650745024025,7.950283099725152e-05,0.008916436003092913,0.005096640702893345,-0.3561993347282775,0.4505042609558385,True,True
