basin,std_obs,NSE,NNSE,MSE,RMSE,MAE,KGE,Pearson-r,low_var_flag,neg_basin_flag
01022500,0.02600050632670818,-0.5492548871864802,0.3922714849057968,0.0010473370944498507,0.032362587882458514,0.022505814776092512,-1.1849578104386063,0.39194485057325756,False,True
01052500,0.005529097159749083,-20.58014144845949,0.04428670220169166,0.0006597246785828699,0.025685106162577367,0.024641051381663292,-0.3954311396200745,0.18517696743984793,True,True
01137500,0.004347148202928372,-20.32441547791685,0.04479400596128453,0.00040298235302810515,0.020074420365930996,0.014500910413818246,-2.2637938244700093,0.032562815767190396,True,True
01142500,0.00951460930534526,-5.944800119011528,0.1258684907134476,0.0006286974083865072,0.025073839123407233,0.012404734468478264,-1.021205497477509,0.20281902832660623,True,True
01162500,0.004935320105368157,-13.77326241453242,0.06339842536815132,0.00035983803357730665,0.018969397290828895,0.009582068432393787,-1.976564508965522,0.1427813382255295,True,True
01170100,0.08531766662936296,-0.09539821191056963,0.47723625720201746,0.007973517767797911,0.08929455620472007,0.04158648740185803,-0.3827841523262896,0.526746039886934,False,True
01411300,0.06382435487712955,-0.4295097319340657,0.41160567782699414,0.005823176903304421,0.07630974317414796,0.052403492251581474,0.05027585458889561,0.37786839192428073,False,True
01423000,0.009235017092979738,-3.7291773349344126,0.17454512952538026,0.00040333044611214026,0.02008308856008309,0.017605873744702755,-5.163925014180229,-0.3902724199708889,True,True
01487000,0.007744244094171833,-7.396073643055788,0.10642743320121321,0.0005035403827089076,0.02243970549514649,0.013247839074435257,-0.8875420100197595,0.28352658378728574,True,True
01543500,0.005835246912906666,-0.8180082490597955,0.3548605652001343,6.190337456124361e-05,0.00786786976005854,0.0034245921977025507,-9.727481113440781,-0.0561379018030544,True,True
01583500,0.005032018301648334,-3.0741878802216807,0.19707587176616567,0.00010316335951262392,0.010156936522033793,0.008059186685665392,-4.925524586027691,0.11220300012635226,True,True
01605500,0.23289956499578376,-0.10912929630143453,0.4741293014864467,0.06016162129592012,0.2452786604984627,0.17910092092809748,0.28342210454160166,0.3433021390793191,False,True
01667500,0.04674249160152873,-0.7829768915164197,0.35932745365165747,0.0038955558203416702,0.06241438792731745,0.030605413987016723,0.19681866906665058,0.23615573554434488,False,True
02014000,0.0033015033658087356,-7.330226619992665,0.10717853281904381,9.079884101294304e-05,0.009528842585169672,0.004012481071363677,-16.053908851848078,0.37848615441634287,True,True
02015700,0.010836732323736569,-6.397330068228677,0.11908547024768064,0.000868703736360056,0.029473780489785426,0.017816572092415824,-102.90625554913719,0.03533091813931082,False,True
02027500,0.043151120992082605,-0.43983951976828406,0.4098630225052555,0.002681008892458071,0.05177845973431491,0.03573340986672559,-0.1624431857251578,0.501925009278457,False,True
02028500,0.005034801536083896,-4.92596835463597,0.14438414223054305,0.00015021871409944213,0.012256374427188577,0.01051947847299971,-0.44189724968023025,0.16973789394445624,True,True
02059500,0.010334404734513832,-1.1259898497953547,0.3198986714769614,0.0002270555484657368,0.01506836250113916,0.010087803745987455,-1.0590630177561278,0.035795860220107195,False,True
02070000,0.0049530832015809365,-5.125959255967151,0.14033198395887794,0.0001502883618194136,0.012259215383515112,0.005148879964276469,-0.6749523120965686,0.08497467737878427,True,True
02082950,0.003727685067306706,-12.013197301417325,0.07136130167087977,0.00018082665238944122,0.013447180090615327,0.006299375372648248,-4.460770504188358,0.4820882643804036,True,True
02137727,0.0045840264618829335,-13.549458032779192,0.06431092311332909,0.00030573210615814116,0.017485196772073833,0.009087094510885118,-1.7808571173156817,0.15560303610504678,True,True
02196000,0.009450526189242596,-8.022447957512442,0.09977602320702882,0.000805816889258426,0.028386914049583233,0.0157467880050687,-10.742690075630568,0.5594106046786542,True,True
02198100,0.028943994651848635,-0.10929313772977389,0.47409247302453994,0.0009293156800324426,0.030484679431354408,0.007822406212714102,-0.10356294039195624,0.17944865668142795,False,True
02215100,0.00012339559492717227,-2240.5438969885627,0.0004459221517772145,3.4130807283820535e-05,0.005842157759237638,0.003097013673197294,-4459.979204111848,0.2628077330571799,True,True
02312200,0.23306306954828288,-0.0008350481009553601,0.49979132510154994,0.05436375285934778,0.23316035867905974,0.11348044291958545,-0.10925007954119992,0.43894303405335844,False,True
02315500,0.34878000629665473,-0.006687003563722094,0.4983338199849188,0.12246095001011446,0.3499442098536772,0.1403032819094107,-0.11786817234845004,0.29690295676209516,False,True
02349900,0.004207755264199937,-9.305375408953822,0.0884534979004769,0.00018245877765710777,0.013507730292580903,0.005384233190868686,-44.328092587992735,0.07193181894533977,True,True
02363000,0.0752364424078733,-0.7997754107974175,0.3571715060227581,0.01018766878696586,0.10093398231995931,0.029972098729892854,0.0220318021532121,0.2682270356602092,False,True
02408540,0.011375727682925522,-2.797738695146988,0.20843152650466787,0.0004914546561162334,0.022168776603958853,0.006981583357300024,-0.28872313158707863,0.35833527780612334,False,True
02422500,0.025753330495127794,-0.029148194160996788,0.4928176280458784,0.0006825661059182824,0.02612596612411266,0.0054876397958266605,-0.19496358761369037,0.32083952783333836,False,True
02430085,0.01200434890722849,-0.39428567513810253,0.4176611046809691,0.00020092269044723202,0.0141747201188324,0.005259189072191513,-3.8579362166895104,0.09754185908202005,False,True
02469800,0.05465657686911783,-0.24637996412961605,0.4451606655900088,0.00372336246080507,0.061019361360186895,0.027064451639728704,-0.36093434454906426,0.12587802449659266,False,True
02472000,0.04204006020466436,-0.018479514439426303,0.49542241714438245,0.001800026739762212,0.042426722001142295,0.00973965992478331,-0.8963802342271772,0.17909885922739177,False,True
02481000,0.0015017901608579578,-81.10721988069551,0.012032648925515125,0.00018518246325215196,0.013608176338222252,0.002971088900630102,-9.275666012422077,0.3625311358047958,True,True
03011800,0.012316237190707553,-1.2824978811984171,0.3046460458444856,0.0003462314155120818,0.018607294685474344,0.007991539814881057,0.1367143717194269,0.24265494989150097,False,True
03028000,0.0009403486561162638,-84.93262701049726,0.011503160946456252,7.598640623220734e-05,0.008717018196161308,0.006221480071466976,-356.84894555651755,0.007728258402761484,True,True
03049800,0.017935945359988974,-0.5560817270307647,0.3912237975119972,0.0005005885909817839,0.02237383719842852,0.016495798712281115,-0.7390845663412515,0.5738567059595813,False,True
03050000,0.022733531630661663,-0.006752439688472389,0.4983175703303192,0.0005203032121238514,0.0228101558987187,0.005400560005390862,-0.7747602584981856,0.20212674180138873,False,True
03076600,0.006280899892828957,-3.4027470468585355,0.18509102708805455,0.00017368706542442093,0.013179038865729964,0.011285664588990805,-0.39806071853225,0.15049161732288882,True,True
03165000,0.03060735015806158,-0.5846225081877869,0.38690369554243026,0.0014844900276009384,0.03852908028490867,0.02711899368956992,0.314116914314136,0.5431236679614417,False,True
03241500,0.04067196090416081,-0.20540878154007203,0.4534306784167623,0.0019939973364253515,0.044654197299082106,0.015764821340189895,0.38363511343345635,0.421600523265217,False,True
03456500,0.1204945083432878,-0.0199212881986659,0.4950687959191639,0.014808162260846998,0.12168879266738987,0.07170365782867862,0.5245143654170668,0.5345670220639783,False,True
03460000,0.0466008851843723,-0.09471450607884946,0.4773920250697676,0.002377328546731266,0.04875785625651794,0.037992869581224276,0.25102330047200416,0.6955600350600971,False,True
03471500,0.0102354421379509,-0.4414398881293906,0.40959435653613047,0.00015101140593050096,0.012288669819410927,0.007508280076055084,-0.07214814513645207,0.22141930992396366,False,True
03488000,0.006528221393032137,-0.3057214007929705,0.4337037422023692,5.564680972037699e-05,0.007459678928772805,0.0043889384008158104,0.33452194897567655,0.3357902353639915,True,True
03504000,0.018993462662088234,-7.036705025483178,0.11065980323359416,0.002899254388717324,0.05384472479934616,0.03247123373080611,-1.1412030220109064,0.5033908477674034,False,True
04024430,0.05732398594465849,-0.22363767224944064,0.44971355382210093,0.004020921558998868,0.0634107369378315,0.026469611730764325,-0.6392251788849233,0.04947669264361196,False,True
04040500,0.6251448908404492,-0.16463200538370537,0.46197228790523165,0.4551453321901364,0.6746445969472641,0.39897896142048794,0.042742944832807606,0.5359461747030746,False,True
04063700,0.03278070714813664,-0.9231208524578276,0.3421001219156494,0.0020665371306576395,0.04545918092814299,0.029104048736220633,0.14844865483461123,0.34531317138820977,False,True
04122200,4.186635038296576,-0.06665677613324839,0.4838732834346194,18.696267113076683,4.3239180280246625,3.057348366831627,0.17379743322899088,0.6037353141316311,False,True
04122500,2.9709505381433634,-0.25105296694951007,0.4442365482652943,11.04247793749262,3.3230224100196226,2.290437230047597,0.13978445932451022,0.429021407890133,False,True
04124000,0.023239132849167267,-0.5810087965111292,0.3874454055917,0.0008538353349339595,0.029220460895303474,0.009436656464379623,0.13275350068791392,0.1764529467365347,False,True
04127997,0.6196182124545031,-0.018772251441937282,0.4953505772063865,0.3911338983012364,0.6254069861308206,0.416192970841789,0.24848600537898824,0.4979641065179712,False,True
05123400,0.09672592068079616,-1.2510106536495411,0.3075966542519365,0.021060238974233304,0.14512146283108265,0.1084323703324248,0.1170659092078622,0.23194627372137352,False,True
05362000,0.1562467314617455,-0.3619888165946892,0.4233720299496225,0.033250288947022734,0.18234661759139578,0.11850624102548139,0.16547881222006888,0.3932612491978145,False,True
05393500,0.259585298608217,-0.2623241318884646,0.44202330952693974,0.08506111486801066,0.2916523870432242,0.21579401906339282,0.17161221409511807,0.4023688572745916,False,True
05399500,0.025326440397800878,-0.5378869976750351,0.3940285761013404,0.000986444678076325,0.03140771685551697,0.007084830291862466,-0.5899051232052301,0.04479771474411859,False,True
05444000,0.021626991941552435,-0.003156068901133846,0.4992122259093708,0.000469202958385948,0.0216610931946185,0.008247726091788341,-8.927912648485906,0.3779606478664195,False,True
05458000,0.027799654702567202,-2.025694093317206,0.24840436874228353,0.0023383193345392255,0.048356171628234024,0.008702387163842256,-1.374988730044493,0.1201491242732574,False,True
05489000,0.048107126307205816,-0.019811332210789123,0.49509574684158625,0.0023601448805334805,0.048581322342372286,0.006381663095991469,-1.4328166957977069,0.29477850514629445,False,True
05495000,0.019145172071354247,-1.1643838889085467,0.31601728333439283,0.0007933281056452167,0.02816608076472864,0.007802889270454078,0.18762201886871888,0.38376964875445585,False,True
06188000,0.005906711253480987,-3.202457744324512,0.19221684233589872,0.00014662054772066367,0.012108697193367405,0.009964513754422392,-6.488590241582311,-0.2800867277646306,True,True
06191500,0.023275317453932753,-1.0058024967460906,0.3326898560642433,0.0010866242520858973,0.03296398416584223,0.02382455331061963,-0.5844610352432431,0.1646200668673202,False,True
06289000,0.03184127099379583,-0.025144203596390025,0.49379199674972846,0.0010393594051639635,0.03223909746199424,0.013795313110413323,-0.2347770286554245,0.430764658614955,False,True
06339500,0.6078802881940839,-0.04020121712331548,0.49014773229573916,0.384373536004389,0.619978657700722,0.12767374132713025,-0.7322196259182252,0.06933692243277761,False,True
06350000,0.0026210462035375836,-6.564677472217244,0.11675862906033256,5.196845068796433e-05,0.0072089146678237445,0.0045127032600389295,-105.13752260395913,0.10595077407089809,True,True
06352000,0.000952774531365796,-64.13736736213299,0.015120045443062962,5.9130354244141865e-05,0.007689626404718364,0.001876963115521454,-51.88705948000744,0.03416583813948319,True,True
06404000,0.00016282937064242124,-373.864850890765,0.002660530766923516,9.93894321600183e-06,0.003152608953866913,0.0011825428614314938,-1388.446132286546,0.0015396551482513303,True,True
06406000,0.0215071876616079,-0.009138091865553921,0.49772586764878146,0.0004667860288535869,0.02160523151585252,0.004920739901965649,-0.37768141937690136,0.1692929933910313,False,True
06464500,0.5662906216783502,-0.17255455654412621,0.46028763557988434,0.37602073793457325,0.6132052983582034,0.33087557829375047,-0.28797632720331734,0.49898673806642374,False,True
06468170,0.015636148574568593,-0.3956710261174403,0.41741958269648416,0.00034122641203302454,0.018472314744856003,0.009196419897009875,-1.2431023875773675,0.03250561735794017,False,True
06468250,3.9918424144596445,-0.12010909853761542,0.4716738401291558,17.8487210293212,4.224774672017574,1.6332344748429295,-0.3702284714024686,0.7323306732451995,False,True
06470800,2.828249893806074,-0.12206188364851567,0.47123979168820196,8.97537015930279,2.995892214233147,1.0294337058243246,-0.5710970509559183,0.19565163645361483,False,True
06479215,0.46566178464176133,-0.1634874451765247,0.46221668733483556,0.2522916620465427,0.502286434264895,0.24671121622715605,-0.32260965918158235,0.4486436533629694,False,True
06784000,0.06276150168859408,-0.02464473224873287,0.4939138131603561,0.004036081844725266,0.06353016484100499,0.010346188361505967,-1.3937222836442444,0.2675611464438438,False,True
06889500,0.01956716685128965,-0.23086865697103032,0.44825588314004705,0.00047126762904630776,0.021708699386336062,0.008570635950997189,-8.003647243996083,0.18726477046564952,False,True
06892000,0.0556961335272945,-0.010172066140078817,0.49746985188198056,0.003133613642157428,0.05597868917862786,0.0065308809539576474,-0.0002983856392844153,0.2280459667659075,False,True
06903400,0.006076024658224148,-2.7853365837434896,0.20897171651355745,0.00013974734234931552,0.01182147801035537,0.009515468335055361,-23.071734794987595,0.2146209070195808,True,True
07142300,0.00034536379808000877,-33663.81342918371,2.970372309890885e-05,0.004015409438112111,0.06336725840773065,0.012001080404942684,-1154.9156569813572,0.12687878794679158,True,True
07301410,0.05378698729070743,-0.9707306577062249,0.33661752451571114,0.005701402625538863,0.07550763289587924,0.029451957469088106,-1.4492733097434032,0.3271804976043374,False,True
07335700,0.028957522832251923,-0.022419567687632203,0.4944572412060703,0.00085733779091276,0.02928033112710237,0.005205947485385166,-5.011614867861286,0.2653443867155117,False,True
08070000,0.07618565565676773,-0.04340830527874018,0.48937845530758495,0.006056206962948754,0.0778216355710207,0.016617381674860616,-1.688337436704542,0.5128275899238094,False,True
08070200,0.012178208337078174,-12.942521059125497,0.06692311130385147,0.002067797985868354,0.04547304680652434,0.007697117825349172,-3.0117152477249425,0.7889443209758369,False,True
08079600,0.5586721441900919,-0.11948592491223531,0.471812522199886,0.3494078621349917,0.5911073186274991,0.18918235161251193,-2.3152544015334895,0.1138456165837001,False,True
08164000,0.05056207795647584,-0.13385078486317736,0.46863632972542646,0.002898716434694067,0.05383972914766629,0.010665056730624492,-0.7033905342718376,0.10258104684082461,False,True
08176900,0.045806801950543014,-0.0733459921966404,0.4823121677537929,0.002252162294257426,0.047456952011875206,0.012577287231316547,-0.7282152275949949,0.017959533804217928,False,True
08189500,0.02912490161101666,-0.2917420627137257,0.43634928043161525,0.0010957329850009344,0.03310185772733812,0.015233002086438224,-0.14846367040635555,0.1123798303626869,False,True
08196000,0.022145368414338867,-0.2995861750610682,0.4348608505499663,0.000637339597942147,0.025245585712004127,0.009308145086533567,0.11280970705956539,0.43945258902544165,False,True
08269000,0.006087915548185234,-4.509817766461262,0.15361413112852776,0.0002042088095574725,0.014290164784125916,0.012332854247323107,-7.045409001930743,0.05432777882373221,True,True
08324000,0.002513507214792353,-8.085767189083526,0.09914962156595923,5.740131962809845e-05,0.007576365858912732,0.006720977130736539,-23.77015903302202,0.13613387150246245,True,True
08380500,0.0460376632639924,-0.8972667463188966,0.3451528932469002,0.004021193194290785,0.06341287877309139,0.04444260256066616,-6.789951501046909,0.16658919853589058,False,True
09081600,0.1339056507772609,-0.03966888490982767,0.4902756557195847,0.018642015109419353,0.13653576494610983,0.07177720696864136,0.22525719622731,0.30418529106902564,False,True
09107000,0.014871264629271635,-1.5637252402444637,0.28060524664112496,0.0005669794035721257,0.023811329311319972,0.012241009909223697,-0.03870288213905915,0.3964277005607567,False,True
09210500,0.009524821233110853,-0.3525340591964614,0.4250735482833192,0.00012270489183037605,0.011077224012828126,0.007882361410727935,-0.10359159251430716,0.2544728680710587,True,True
09312600,0.006971621263071909,-5.669128696912017,0.1303929089627419,0.0003241430168659463,0.01800397225242103,0.013881502815264726,-7.332260419543683,0.20837851482669176,True,True
09386900,0.004050745198389212,-56.611665233266116,0.017061450071758612,0.0009453231211546607,0.030746107414673825,0.024618684011187702,-19.707571322676937,0.09202586377598859,True,True
09404450,0.07460240976753714,-0.025213248764399232,0.49377516200336385,0.005705844371867419,0.07553703973460582,0.03021574740783293,-0.11004809358142542,0.18477370377879185,False,True
09430600,0.13476957916086085,-0.32992096760301703,0.42919910756834945,0.024155141038630965,0.1554192428196424,0.08915866758977066,-1.6630905377049716,0.4470770306103678,False,True
09492400,0.04024523266172513,-0.19340219264715008,0.4559127383715845,0.0019329281740164883,0.043965079028889374,0.027383257450031378,-0.011893714530320176,0.4544124178408568,False,True
09494000,0.00020756216368385806,-64314.882702995405,1.5548017223064626e-05,0.00277086018973098,0.052638960758462736,0.02838205824989561,-15965.32835801316,0.054118447550458436,True,True
09497800,0.00943719216212253,-270.5019835513801,0.0036696980585884456,0.024180128444428423,0.1554996091455809,0.10472141888700397,-46.15124074451708,0.3667041054218113,True,True
09505200,0.0013305145759303586,-137.5208922376395,0.007167385356859289,0.00024521924647309706,0.015659477848034942,0.010957594090043054,-596.537549361263,0.11952912506557946,True,True
09505800,4.1414216995778785,-0.07021599308348891,0.48304138473519725,18.355674430386127,4.284352276644175,1.239729791896159,0.48474974459244546,0.5144536958253788,False,True
10172700,0.011751057055998826,-3.5468097243503394,0.18028381172154292,0.0006278568691121997,0.02505707223743827,0.020368753036531212,-0.8622377196467985,0.11327781215000791,False,True
10205030,0.01785823379890871,-0.0835669260883305,0.47994618626308816,0.00034556738720507586,0.01858944289657643,0.013243445467856068,-0.2636552561934311,0.4450535184046224,False,True
10242000,0.02671088044831117,-0.9279671387638437,0.34153388771370885,0.0013755489014331819,0.03708839308238066,0.02468808138233813,-0.459328784404186,0.46009220950674073,False,True
10259200,0.040386995752053775,-0.5625970251168817,0.39022912701398665,0.0025487667365145833,0.05048531208692864,0.025889914391568652,-41.75811894338984,0.5740705548443087,False,True
10329500,0.006413339067264353,-0.04974915973973548,0.48786457369592184,4.31771466011102e-05,0.006570931943119651,0.004697982815642748,-1.1522868010455212,0.443424124882352,True,True
11098000,0.13498103631364589,-0.8888459896826912,0.3461589865196792,0.0344145475808482,0.18551158341421217,0.04238920982024853,-0.31244696349465495,0.43543456145972814,False,True
11124500,2.366866566278892,-0.7084269798720881,0.3692180027121231,9.570705906835128,3.093655751184208,0.5697785122811772,0.2896857871131333,0.5316146828884727,False,True
11176400,0.0779938527735085,-0.947433163286808,0.33927826166034497,0.011846315914241151,0.10884078240366132,0.02209330109963356,-1.1339046417185115,0.5969697315836644,False,True
11224500,0.009735148120819529,-11.63389955537951,0.07334658700822182,0.001197353938826936,0.03460280247070945,0.009262775075828714,-50.88876086415773,0.2856761641388223,True,True
11253310,0.1678883385097106,-0.6168409965389661,0.38214014581803024,0.045573079383476836,0.21347852206598406,0.06656126955183524,-4.145753098235054,0.2807255947672828,False,True
11475560,0.016904625051857653,-0.5803399432048688,0.3875458358242389,0.0004516079743955832,0.021251069958841677,0.005864992425144729,0.24657079356349754,0.25242016583259147,False,True
12035000,0.020102443316768144,-3.1101387793821766,0.19568940163321777,0.001660940896109049,0.04075464263257683,0.01745380060244668,-0.4059350747345152,0.4658882632369805,False,True
12358500,0.019953952708277666,-0.10421527393655561,0.47523654655790276,0.0004396546059871453,0.020967942340323842,0.011863861532829948,-0.3117285283960287,0.23740023469148572,False,True
13011500,0.004590278353971934,-5.04832183483507,0.1418777438705592,0.00012744210493016782,0.01128902586276459,0.009492486899412131,-5.976651651467621,-0.24773790736097653,True,True
14096850,0.005259250046366848,-1.1050371476456489,0.32205733859198304,5.822471925383624e-05,0.007630512384750859,0.005483302759850805,-3.016587934695443,0.05592656163484007,True,True
14141500,0.1199466516496555,-0.16143815243031523,0.46265492208305975,0.01670984210623327,0.12926655447652835,0.06641759488876593,-0.3089357584165211,0.40843354046511215,False,True
14309500,0.02895782112242901,-0.400590915380578,0.4165641024436956,0.0011744730811078183,0.03427058623816958,0.016602603702618797,-1.336432965253628,0.4171083360516325,False,True
14316700,0.03486387716743141,-0.05011138519542646,0.48777837498067217,0.0012763998152865517,0.035726738100287744,0.02234314650040851,0.3118035205677524,0.36669370087364594,False,True
394220106431500,0.024462892560854856,-1.2236403002009064,0.31020830703030894,0.0013306999858049785,0.03647876074930422,0.028982022157288914,-2.0928352498981693,0.45418818924898835,False,True
