basin,std_obs,NSE,NNSE,MSE,RMSE,MAE,KGE,Pearson-r,low_var_flag,neg_basin_flag
01013500,0.04132177080192115,-0.43066404365284616,0.4114102080916052,0.0024428427484168677,0.0494251226444292,0.032503078228494534,-0.27616480228572393,0.41227852923664227,False,True
01030500,0.09578430983909525,-0.1736992778172468,0.4600452372621503,0.010768261313361158,0.10377023327217279,0.039296173028063285,-0.8773657230890854,-0.13601730164770695,False,True
01031500,0.027411263083864268,-0.13582005187854662,0.4682042380492011,0.0008534294536752746,0.029213514914766325,0.016141208446487698,-3.906472183115633,0.5138074578299794,False,True
01052500,0.17186189198887541,-0.059502238714254085,0.4855542184913086,0.03129399838192241,0.17690109774086313,0.11215766422413649,0.451811149353191,0.46434107003878067,False,True
01073000,0.1052689163605587,-0.12463072891481763,0.47067002580291345,0.012462645751636124,0.1116362206079914,0.06996930739549509,-0.033870819939058716,0.49588477083903,False,True
01078000,0.019952798861992072,-0.20944393744167034,0.4526025680280019,0.0004814967843460179,0.02194303498484241,0.013354618487753904,-0.3677052852246967,0.44855068070945736,False,True
01169000,0.0026515803079340938,-9.62083658354614,0.08605232444417064,7.467380765143943e-05,0.00864140079220027,0.007842612304879749,-200.02598679331652,0.08655225134680589,True,True
01170100,0.005063304182572443,-7.713197728935588,0.10295270701851388,0.00022338067926037084,0.01494592517244653,0.014048858982239919,-0.9816896372397839,0.28085634223944134,True,True
01181000,0.00951785239829472,-1.2510470247240146,0.3075932130157026,0.00020392125658156342,0.014280100020012584,0.010474218265802748,-0.10213610361479586,0.4559669339212451,True,True
01439500,0.0018973824588729288,-91.09728981649513,0.010741451249237314,0.00033155578715772494,0.01820867340466419,0.01625839670173085,-3.6582005221303806,0.06786169724134807,True,True
01487000,0.009598833308328052,-6.551417682377956,0.11693967446599131,0.0006957695085051801,0.02637744317603926,0.021499220414850778,-0.6087586552107007,0.2246695146286837,True,True
01518862,0.02435191432934364,-0.24903086667296526,0.4446359606790632,0.0007406949530707591,0.027215711511381788,0.013640093376604195,-1.3927385541536763,0.255355397649022,False,True
01542810,0.021624731884028428,-0.10515166836830359,0.4750251561566093,0.0005168010016388163,0.022733257611675814,0.009734395383654518,-1.5550879587686373,0.30893433514105567,False,True
01545600,0.08049653795873742,-0.05912067883004957,0.48564419282515275,0.0068627764498445255,0.08284187618496171,0.06080323217132298,0.25446028581141567,0.599262771099721,False,True
01547700,0.02244765374979931,-0.7459689167009012,0.36417018194125567,0.0008797887766024504,0.029661233565083742,0.010592150288554631,-0.15314966697343313,0.1960619371496953,False,True
01552500,0.02242968294482571,-0.7377224098871031,0.3652671272984311,0.000874231943637567,0.02956741354325006,0.020954215853963634,-0.6879948716329238,0.39396156522637177,False,True
01567500,0.023532144008346745,-0.2580490049973376,0.4428601849591742,0.000696659483545613,0.026394307786824285,0.0173851802987856,-0.6407118459240955,0.6229696583342053,False,True
01632000,0.08353319768703456,-0.11695109835941442,0.47237746813092457,0.00779385591874344,0.08828281780020074,0.02303267304108113,-0.4704705195159353,0.2151682206983198,False,True
01664000,0.007342807639063833,-4.712415565141623,0.1489776653866783,0.0003079953047793799,0.017549795006762327,0.015680450313803947,-0.8226536217813698,0.17362755904309546,True,True
01667500,0.04355666449809391,-0.924874769734408,0.34189497969200394,0.0036518397330003185,0.06043045368851965,0.04482293955467081,-0.2156529176706754,0.24621283699415525,False,True
02014000,0.013925293249513408,-4.568997517783301,0.15223022954306864,0.0010799054267849985,0.03286191453316435,0.023071590577030603,-0.49836450859642545,0.25124973788956145,False,True
02015700,0.01391182393736935,-0.2569713672789462,0.4430716377255693,0.0002432727869535346,0.015597204459566931,0.010363333352243976,-0.41707881967665483,0.5064430428234877,False,True
02018000,0.004560271866803382,-0.26784797881278677,0.4409466636839995,2.6366267360238015e-05,0.0051348093791530386,0.002648911700293457,-0.22090230848893389,0.036897013154865634,True,True
02038850,0.015158939295530527,-0.24878827239318424,0.4446839270180778,0.00028696335365117594,0.01693999272878167,0.010099237782674424,-2.8909380265981643,0.4082498957061598,False,True
02046000,0.008536307782515554,-4.2744983100485605,0.159375291949399,0.0003843450467729921,0.019604720012614107,0.00995485196981792,-0.5438658237923655,0.20414052155809645,True,True
02055100,0.005480054574838702,-1.9993081136142008,0.25004325038019976,9.00722163908645e-05,0.009490638355288041,0.0077671962835094656,-51.88672356164243,0.37429783282013057,True,True
02059500,0.07449994610446074,-0.0022427954574610887,0.4994399291977603,0.005562690027044712,0.07458344338420365,0.025189033904857303,-0.661616064533586,0.5122858606707049,False,True
02081500,0.008111918633970516,-1.4331974024945051,0.2912736678856323,0.00016011223352802573,0.012653546282683987,0.009428392313890003,-15.850557966704311,0.10447338012594393,True,True
02137727,0.05331949034234911,-1.1339951422302317,0.3190815411693249,0.0060668800090007665,0.07789017915630164,0.0398846601010928,0.18308408813393906,0.3207518175089957,False,True
02143000,0.05972918360729765,-0.12000378051239569,0.4716972720484038,0.003995697906584513,0.06321153301878157,0.04562452425353092,0.34557099376013434,0.6630123903539399,False,True
02231000,0.05683913048878823,-0.12239157899815467,0.4711665886235923,0.0036260956078802836,0.06021707073480313,0.03247653755496477,-0.5876084563352282,0.48643881051264254,False,True
02235200,0.6540038467376267,-0.05438815654914886,0.48676293075975785,0.4509839899707882,0.6715534155752528,0.32154154126062223,-0.029391228333391695,0.26106075357607306,False,True
02245500,0.39625628364799187,-0.009056905530474557,0.4977459808366943,0.1584411489633909,0.39804666681607936,0.06649996433689498,-0.6367229598533235,0.16122449974068154,False,True
02297155,0.014230910612605528,-93.30727281099632,0.010492378708423419,0.019098997311350493,0.13819912196302295,0.031063098904783006,-8.791593932963536,0.8251166267601896,False,True
02310947,0.14940968571310193,-0.24517345616887587,0.44539988536403874,0.027796323566333183,0.16672229474888228,0.11388983606898902,-0.3551292464871223,0.7355942144403045,False,True
02312200,1.674229444057291,-0.04838668889097719,0.4881890735881578,2.9386742605182885,1.714256182872994,0.8807782018254423,-0.04736518338114215,0.3409711956500155,False,True
02350900,0.03405275824088255,-0.045313327147163296,0.4889226441382536,0.0012121352404178395,0.03481573265662866,0.013411350596420206,-1.2595921161451877,0.2970911853996622,False,True
02374500,0.021359643995846896,-0.5694330612752541,0.38919091338525963,0.0007160293379138542,0.026758724519562852,0.019257275401750804,-0.529380371382731,0.3947272465106419,False,True
02384540,0.0052396863057972455,-5.141827228357959,0.14002018923523005,0.00016861964455909764,0.012985362704179566,0.008790923616974373,-42.62958390531597,0.415338739486092,True,True
02408540,0.027977677018376376,-0.05549793261913738,0.486500124437386,0.0008261914409309896,0.028743546074397112,0.011700793504637295,-2.6241742717391996,0.3104750218405323,False,True
03015500,0.015067431525046112,-2.6126688432024108,0.21679423214473292,0.0008201751496514697,0.02863870020883402,0.013052718896404667,-16.473570198554402,0.24114946489056127,False,True
03028000,0.009337181636086031,-0.805820515608993,0.35640198453070104,0.0001574367794142593,0.012547381376775765,0.005986269335278255,-5.897475542301196,0.20187896482208587,True,True
03049800,0.06961348684570445,-0.06358223784434691,0.48459420790741875,0.005154159462975753,0.0717924749745804,0.04032819929282195,-0.26126604405061804,0.6125389973968298,False,True
03050000,0.01107677356495119,-0.211677868585344,0.45214541150137305,0.00014866671019658233,0.012192895890500433,0.006193966527680096,-7.164785071518196,0.31203223510689937,False,True
03069500,0.030812482450720064,-0.025086386882738454,0.4938060946324976,0.0009732263181357438,0.03119657542320541,0.005315481324946125,-2.8111715953508054,0.10252480537347061,False,True
03170000,0.017013292733007612,-2.411749943262785,0.2266674251397922,0.0009875382868049483,0.031425121905967975,0.017280010417674647,-0.18392764968672504,0.18602536798849661,False,True
03180500,0.0032521190771249583,-15.200155321478594,0.0581390098699432,0.00017133735429037482,0.0130895895386515,0.010024806710520832,-1.3890523451148113,0.19625929415609353,True,True
03241500,0.004847912939868516,-10.700733878396731,0.07873560768806805,0.00027499368830956653,0.01658293364605812,0.012828773602645224,-1.4650184743216301,0.16651199379797552,True,True
03479000,1.5847488767861495,-0.6149390037019962,0.38241809793050224,4.0558046511252135,2.01390284053755,0.6220362578665657,0.27855929441539606,0.5976112517611625,False,True
03498500,0.02087698940814516,-0.46779576932591693,0.40521991828892384,0.0006397368584746851,0.025293019955606035,0.01804790324474456,-0.8879424709069792,0.634878049801954,False,True
03500000,0.029613435004217106,-2.072169989654329,0.24556931624676262,0.0026941564699727743,0.051905264376292067,0.035966983799484514,-0.09008406844343497,0.37418992863044276,False,True
04056500,21.72582714098023,-0.19077272476165197,0.4564599461629669,562.0584973261368,23.707772930541932,15.982799278934827,0.1056150366476204,0.6301714566394897,False,True
04063700,0.07924332526721069,-0.7282462160691139,0.3665358332067296,0.010852530062710206,0.1041754772617347,0.07876496685337268,-0.014287742961273997,0.2599870497414531,False,True
04115265,0.5303720577869815,-0.09203670878425618,0.4780030846500438,0.3071839414717029,0.5542417716770389,0.24371584663873916,0.35367255203576853,0.39134370721548034,False,True
04122200,0.33454680272030446,-0.5738771479252713,0.38851893176256347,0.17615079069688822,0.4197032174011634,0.31319623605748903,0.0023996621945242547,0.37784932924293413,False,True
04122500,0.2574592928462111,-0.1885958301356978,0.45691396567176945,0.07878641628960059,0.2806891809272324,0.1658281720679565,0.1529969908364196,0.34113341468575725,False,True
04124000,0.1430013495425019,-0.10651929322445253,0.4747167534693207,0.022627640111479292,0.15042486533641736,0.11246903347672352,0.4021570218808589,0.5572422437902825,False,True
04127997,0.03430037028214198,-1.2250636720623436,0.31007139755492835,0.0026178216794817996,0.05116465263716543,0.040968870130994525,-0.22894120432877285,0.44075338162279953,False,True
04296000,0.008710664628812084,-1.659397417842357,0.27326903471162667,0.000201783582883269,0.014205054835630485,0.011172015240315443,-1.6928642338699413,0.08281561407699496,True,True
05057200,1.006933353350788,-0.12641848535917166,0.4702743165962888,1.1420923486197148,1.068687208035969,0.4570114399159144,-0.4260487812728344,0.33379357038402135,False,True
05062500,0.015215326259359625,-0.26846326988397373,0.4408270626533652,0.00029365705205938817,0.0171364247163575,0.004922437875830779,-1.912848985865871,0.1657881955019834,False,True
05120500,0.26289586217835875,-0.08949377938871139,0.47858481794214935,0.07529952839208619,0.27440759536151,0.11364444374168232,-0.39157322544494266,0.2400898980285665,False,True
05129115,0.0034637323413055656,-9.057400760836503,0.09043716707291968,0.00012066307960558159,0.01098467476102873,0.007580651192187269,-94.04788206743217,-0.02584895024636577,True,True
05131500,0.0007706581256281967,-40.094781764988525,0.02375591363278499,2.4406764022577124e-05,0.004940320234820525,0.004773406322063926,-97.99666747663439,-0.040657788589542984,True,True
05362000,0.00663260774782939,-3.739720231713439,0.17422451959848867,0.00020850733402079315,0.014439783032330962,0.012412426811292223,-0.45888608902791916,0.11165502615037753,True,True
05408000,0.006582633457557831,-43.274317467373464,0.022087577592321325,0.0019184532499342821,0.04380015125469639,0.022166532711589512,-4.0790105161100225,-0.010502854296772059,True,True
05412500,0.06062150833031235,-0.1785583303010363,0.4590191532130419,0.004331163292284639,0.06581157415139559,0.01784437930938133,-0.6480602176862602,0.05676332839255092,False,True
05454000,0.016806109728452312,-5.826138823473348,0.12777693094334688,0.0019280109930627618,0.04390912198009386,0.0161442000021809,-1.1327855450695528,0.6031007021882094,False,True
05458000,0.14284608258916506,-0.04718448338985759,0.4884757617662951,0.021367802850871764,0.14617729936919674,0.027878729630905357,-0.4538131182077003,0.08795045214101403,False,True
05514500,0.005450881760123386,-2.2116872779924717,0.23743453252698682,9.542601199335987e-05,0.009768623853612128,0.008139043489113306,-16.448408881178842,0.470763463030602,True,True
05556500,0.043720253941867945,-0.23696749634721015,0.44703376407253137,0.0023644146386133176,0.04862524692598812,0.009510673036915827,0.21431193248095104,0.2505325780410295,False,True
05584500,0.023558338248143833,-0.11805488428700928,0.4721312971720396,0.0006205152070549932,0.024910142654248152,0.008948397364177088,-1.644590565737985,0.17287667739359436,False,True
05591550,0.00293530605401171,-3.78600723899412,0.17283075507763226,4.1236341895945294e-05,0.006421552919344767,0.0052891882068016646,-104.50433608835576,0.4415243132203817,True,True
06043500,2.0514981453027445,-0.09199127411013941,0.47801346610557227,4.595803222907624,2.1437824569922257,1.3040571382731891,0.3626571254884685,0.6898372019276247,False,True
06191500,0.000325354186474231,-341.9765882853012,0.0029071745986694294,3.630590564793862e-05,0.006025438212108611,0.004474981850343724,-447.47626648138566,-0.017219468680303298,True,True
06280300,0.14448131332957337,-0.7848206738262196,0.35908954906817914,0.03725786366710639,0.19302296150226894,0.11987073105598804,0.16802466417136985,0.6468456902643609,False,True
06289000,0.022470637091942424,-1.1426659772591274,0.3182011729010249,0.0010818953276680015,0.03289217730202732,0.0203987802252689,-1.3439847200585038,-0.05065685384303108,False,True
06332515,0.008168733834547666,-0.12789469703844114,0.46994806716318194,7.52623969761318e-05,0.008675390306846822,0.0017649134286812514,-1.4578366068685185,-0.09058966399460926,True,True
06339100,0.011747594529891714,-0.13532736280962676,0.46831226790641467,0.00015668196219042598,0.012517266562250162,0.003538581473009643,-2.82114328277639,0.06104064996660417,False,True
06344600,0.03508623168956276,-0.027582336729093937,0.49319822030665594,0.0012649987147713105,0.03556682041975794,0.006156071251588841,-0.8914923124674943,0.0394967969958619,False,True
06350000,0.04317984344275483,-0.02176757655541195,0.4946166965956348,0.0019050845018430556,0.043647273704586126,0.008527743622900999,-14.256763382359384,0.128171534014953,False,True
06352000,0.0014330286625358576,-8.518259616527684,0.09507276264874347,1.9546423324336823e-05,0.004421133714822118,0.0020026727233458962,-67.59996913697779,-0.0002838906598035071,True,True
06353000,0.03370200555620915,-0.1270661019535062,0.4701311346561331,0.0012801500564447589,0.03577918468110696,0.005889066014169932,-1.9817730627439398,0.0698432169642678,False,True
06404000,0.021240822148186105,-0.3864252003232853,0.41903680863935383,0.0006255169590895037,0.02501033704470021,0.011007955712582264,-10.441914648900207,0.009480497260823144,False,True
06406000,0.20730882043305301,-0.007123043163254739,0.49822555891939024,0.043283073678058746,0.20804584513529403,0.043520667867244095,-0.6311466217573241,0.24714006269156125,False,True
06440200,0.023111161926122985,-0.10237142759531492,0.4756533440638491,0.000588805026807736,0.024265305001333407,0.004188435435186366,-3.6952253456869855,-0.14928893873573576,False,True
06447500,0.19215963127116958,-0.0008390350127638335,0.49979032920737715,0.03695630552987344,0.19224022869803667,0.023960283435895405,-0.7420824785258968,0.15525347436687773,False,True
06453600,0.011851223967917508,-4.143388984239085,0.16277660466649732,0.0007223967469761749,0.026877439367919236,0.020006344004829913,-0.6270719378314156,0.2559748456250837,False,True
06464500,6.867990961214687,-0.17554732370029713,0.4596544460817069,55.44974419163948,7.44645849996087,3.2485523268304703,-0.38600578857984,0.6009258219354188,False,True
06468170,0.03230398481580483,-0.2990989238567747,0.43495301120948904,0.0013556713497756892,0.03681944255112629,0.01480988642807146,-0.6070253946545923,0.17648586926662269,False,True
06468250,4.032968650237912,-0.06496166492976374,0.48427049130426025,17.321426968863353,4.161901845174073,1.521621163620873,-0.33559303954684583,0.5144561528220288,False,True
06470800,0.3931551911535894,-0.09500746978599706,0.47732526705604017,0.1692564043547856,0.41140783215051413,0.1612327336169855,-0.39882824215717627,0.3033494028590233,False,True
06479215,0.12103973715589342,-0.3523491860047081,0.4251069551873914,0.019812751287233737,0.14075777522834657,0.08373959929698577,-0.5825566985852819,0.3279468091406991,False,True
06479438,0.0010735998247546708,-20.28892591248231,0.04486532926380168,2.4537969056170048e-05,0.0049535814373208855,0.0031872617936643858,-12.83372943524312,0.05680964712082544,True,True
06910800,0.0017847895382544212,-215.6444563106865,0.004594649535077082,0.0006901152169321094,0.026270044098404353,0.008542868301198605,-23.48096997191147,0.04800566089221094,True,True
06921070,0.04087266438530137,-0.02705201922724476,0.49332725086217627,0.0017157671126948606,0.04142181928277488,0.01658170827554482,-1.0881964077257926,0.3646218189206318,False,True
07149000,0.0049987210361967975,-8.632173309521967,0.09405414781044055,0.00024068115648377081,0.01551390203926049,0.012260677980620046,-1.733128639790952,0.0038908663321247463,True,True
07151500,0.0013089821971555957,-131.5557860346794,0.007487507877347506,0.00022712564271275268,0.015070688196388135,0.0074250179482451785,-109.17067347812046,0.10040325018798749,True,True
07195800,0.12654386498912076,-0.8155358350624184,0.3551721798553598,0.029072810340260057,0.17050750816389307,0.069850526773389,0.003945752752813059,0.22014915286986206,False,True
07196900,0.004884281571056112,-8.51209406595219,0.09512852469984243,0.0002269224799552656,0.015063946360607688,0.010597700540107747,-4.590699505111341,0.45379610134292103,True,True
07208500,0.16763032898196858,-0.40041710499006733,0.41659426518881515,0.03935161869229763,0.19837242422347323,0.09403586661424182,-2.257891660915571,0.10030048125654357,False,True
07226500,0.012126559206659587,-0.10159579881956504,0.47582889181720156,0.0001619934497149632,0.012727664739258463,0.002938059321489376,-11.689407972864105,-0.015402043642607867,False,True
07261000,0.01875087610300452,-7.468372541804614,0.10561477123812094,0.0029774404469766614,0.05456592752786909,0.02382692365533584,-1.1456626798705623,0.2827991128708944,False,True
07375000,0.005647790971578045,-3.182107300656835,0.19297168931126715,0.00013339894686212626,0.011549846183483408,0.008948149728004529,-2.296421043100619,0.19565935919184307,True,True
08066200,0.05855175464615573,-0.10693843791544633,0.47462231549080075,0.003794925871377729,0.06160296966362684,0.03021627242508459,-0.2289701895587024,0.5136723564008782,False,True
08070000,0.012178191964290146,-50.02681870154928,0.01922085618450896,0.007567703773105362,0.08699255010117454,0.015669892435509432,-5.979541385879286,0.7588333758871395,False,True
08079600,0.012174718157285866,-0.2737109477645281,0.4398096429025783,0.00018879422864489032,0.01374024121494562,0.00645816163809187,-12.780638058990837,0.021610718916046028,False,True
08082700,0.11756998376308435,-0.006819080861105942,0.4983010225171419,0.013916959198449326,0.11797016232272178,0.03528753806060036,-1.0377324419307197,0.34909359051638583,False,True
08104900,0.02646307341834743,-0.8517324305552731,0.3506640347058387,0.0012967575824425679,0.03601052044115119,0.02313848976941735,-1.0178301150427922,0.14587242442037693,False,True
08190500,0.00832436732498277,-8.666748421664247,0.09374928145572389,0.0006698582150453542,0.025881619250838116,0.02274587981505788,-113.34412399837366,0.2105669155745237,True,True
08198500,0.01748104406840411,-7.923654360720892,0.10076932989102577,0.0027269518881261295,0.052220224895399764,0.017039853248988122,-46.27052255800293,0.05485453831304765,False,True
08202700,0.04321654025082035,-1.723883574861345,0.26853685940953026,0.005087313869143931,0.07132540829987537,0.02625599962170176,-26.301539823267333,0.41304745569138174,False,True
08267500,0.2978733539120115,-3.2041303246870187,0.1921550648446032,0.37302632453575274,0.6107588104446409,0.36322285285414213,-0.464938083333577,0.35612680052475326,False,True
08269000,0.172410757158467,-1.2921649119368066,0.30375149081207237,0.06813567745432247,0.2610281162141781,0.14994990137683123,-1.2390794146121662,0.521010881491532,False,True
08324000,1.278679273976617,-1.0683463373218562,0.3259084503716193,3.381789046707623,1.8389641232790874,1.2230645137600424,-0.2536473814685436,0.2671497172500378,False,True
08377900,0.026887945156242397,-0.5736299180515785,0.388556253945428,0.001137673995061696,0.0337294232838585,0.020873964598346974,0.1035968883629299,0.3713528346554735,False,True
08378500,0.03613274680501257,-0.6577623482538466,0.3762563649293178,0.002164333727125826,0.046522400272619495,0.03304699462690234,-0.23455616376027666,0.18050066126787687,False,True
08380500,0.04704811510011655,-0.11045514888744434,0.4738314389325752,0.00245802038276822,0.0495784265862504,0.01045822911337975,-24.8245876997784,0.0021728219605577827,False,True
09066300,0.02999113761799947,-0.46645557863619036,0.4054401014401983,0.0013190303585791728,0.03631845754680632,0.02644073423740918,-0.6088257168728541,0.5780849111945189,False,True
09210500,2.20774125547775,-0.261177514630045,0.4422474544921395,6.147132377751806,2.4793411176665074,1.4376180108936623,0.2566894664498732,0.5549096759765977,False,True
09223000,0.014085468665603916,-2.1969963249519986,0.23826563632062203,0.0006342854376813874,0.02518502407545777,0.01339591432198715,-1.8689704605075468,0.6729171124703339,False,True
09306242,0.011893638654167038,-0.9411426611427323,0.3400039084168282,0.0002745914017373687,0.016570799671028816,0.010653217552010827,0.062640789982504,0.35130035738773663,False,True
09312600,0.0042400078261218815,-12.014711538998345,0.07135359134701617,0.00023397414189230885,0.015296213318737054,0.008442148391486519,-4.101379214443758,0.39128976180209385,True,True
09386900,0.029798864968634216,-13.345181791556316,0.06516703507222377,0.01273812483567015,0.1128633015451442,0.08196252746412291,-4.652859711768292,0.21739961799611018,False,True
09404450,0.13153626237364585,-0.285592055653493,0.43752339684873537,0.02224304161179869,0.1491410125076221,0.08607774926701467,0.0222184332902301,0.14172278895962587,False,True
09430600,0.02487573521049276,-0.002511419554177996,0.4993729325262132,0.00062035627421348,0.02490695232688014,0.004034478725351778,-1.0663161662397447,0.0870896788765316,False,True
09484600,1.604269732218816,-0.17465471516339393,0.4598431157954492,3.0231869609606834,1.738731422894486,0.70275545709373,-3.852788541459992,0.33748250702575905,False,True
09497800,0.008162411337710663,-1.794641197044641,0.26352952705484367,0.0001861928547424007,0.013645250263091576,0.011291863860361956,-1.8704667083118531,0.316173834374037,True,True
09497980,0.02353851106503892,-0.19475356769276142,0.45563201933930636,0.0006619669576203814,0.025728718538247906,0.011156065982239987,-3.9975854877283066,0.1680041315960737,False,True
09505200,1.0771949243818275,-0.2826027850640831,0.4380963725022028,1.4882667373452387,1.219945382935334,0.5535692376571768,-2.3286402333658667,0.3396236718229094,False,True
09505350,0.013415798846028103,-0.21591250864840106,0.45128135524175156,0.00021884438193777684,0.014793389805510326,0.0052503611089538904,-58.75858961533406,0.002339288762476448,False,True
09510200,0.009762627934799064,-1.6491615610017947,0.27403555125837525,0.00025248868541014356,0.015889892555022,0.012060971075757767,-4.7281356276091495,0.1122560726003443,True,True
09513780,0.003867831075389391,-5.161050595732563,0.1396443142848234,9.217003915824488e-05,0.009600522858586655,0.008189620296253586,-77.48885261948239,0.015783848523520026,True,True
10172700,0.002703479464457541,-10.016572647453486,0.0832184042270919,8.051793954801952e-05,0.008973178898696912,0.008219363732452283,-10.4457191501828,0.04997231423736362,True,True
10173450,0.016079916704990774,-0.20594044354657326,0.453321395382852,0.00031181244867654445,0.017658211933164254,0.00973768022172551,0.031451485450975536,0.27047211814647787,False,True
10244950,0.008468797279544069,-1.3859228104699985,0.29534045989110735,0.0001711196422119645,0.013081270665037266,0.009435913870749275,-0.2676992518821011,0.30228471765729287,True,True
10249300,0.03422192806517899,-0.529439111677559,0.39534456290461417,0.001791187872610234,0.04232242753683009,0.025560404582948427,0.19279442267229607,0.2840446468042884,False,True
10263500,0.1539316577327904,-0.6035095891324855,0.3840969144781255,0.03799508796123232,0.19492328737539882,0.07803022572272991,0.343067307107071,0.4164328137190785,False,True
10329500,0.00277131884987051,-1.1353078323859846,0.3189479481633531,1.6399608654732744e-05,0.004049643028062195,0.0027238246674061066,-12.77826999334152,0.07248890113956998,True,True
10396000,0.0020482732681615903,-24.664545024134203,0.03750298379720694,0.00010767363225865733,0.010376590589334116,0.010026577975652415,-21.849270465196614,0.1870373385031955,True,True
11098000,0.0557538940307179,-0.860153301127073,0.349631608769341,0.005782280397282198,0.0760413071776268,0.015497734175471957,-0.11763025088095214,0.37157806013544287,False,True
11224500,0.002868354329434327,-7.963144034131647,0.10036992304579852,7.374387817453316e-05,0.008587425584803235,0.007787358942450983,-105.63146615887818,0.08501027300669249,True,True
11253310,0.1932919487702599,-2.7725646175373053,0.20953095036689323,0.14094971969165332,0.3754327099383501,0.18292723663313193,-12.639456762378607,0.25759290712906446,False,True
11274630,0.0016532050850001287,-22.92411937124409,0.040121778631574775,6.538670090965519e-05,0.008086204357401264,0.006731393170568015,-27.96513021522689,0.12748512720563906,True,True
11468500,0.0006869392082782739,-113.14822588762395,0.008684458594923774,5.3864889892695595e-05,0.007339270392395663,0.00664398977850948,-135.84612208725883,-0.09670203211032247,True,True
11480390,0.026303968205397273,-0.06949411129932992,0.4832098794290122,0.0007399816316288203,0.027202603397998883,0.021596383941276078,-0.20526446946173849,0.7656706702716817,False,True
11481200,0.024631720265347865,-0.18416937641208087,0.45783995087537244,0.000718461189919795,0.026804126359943073,0.01181047002945273,0.29494426963061393,0.7038587416485723,False,True
12114500,0.01548209282963103,-4.035140875492924,0.16569621498989853,0.0012068990910492727,0.03474045323609456,0.03188540499214503,-0.25419284758069116,0.37235320716375647,False,True
12147500,0.37523826636332097,-0.20397473248256714,0.45372570985584554,0.16952416511682109,0.41173312365757153,0.21269649791745168,-0.3194081124172359,0.6096640339756699,False,True
12374250,0.001627710375351848,-5.074431890745471,0.1413541066538736,1.609384930413149e-05,0.004011714010760424,0.0032562552668194134,-3.326730957314977,0.09288355103882771,True,True
12447390,0.8264090634012313,-0.10197694672331381,0.47574261057375505,0.752597293678976,0.8675236559765825,0.5393708653947604,0.23663553892160205,0.5432330204160539,False,True
13161500,0.06030572690138705,-1.0017409618349342,0.3331400053216817,0.007279892890605041,0.08532228835776172,0.04878630310467888,0.20909231997808486,0.4738741762906448,False,True
14020000,0.058591485623118784,-0.2884395353771869,0.43697899137858465,0.004423164205861048,0.0665068733730661,0.03498948497624218,-0.405592620155909,0.27014531778474016,False,True
14216500,0.3378217035782641,-0.14470451247366078,0.4662646971571013,0.13063768933103667,0.36143836173134236,0.21211476839160373,-0.18935113971087691,0.7755459212918149,False,True
