basin,std_obs,NSE,NNSE,MSE,RMSE,MAE,KGE,Pearson-r,low_var_flag,neg_basin_flag
01013500,0.10355858020024573,-0.07196014832367581,0.4826347653496388,0.011496107474971328,0.10721990242007931,0.05764280134266856,0.012870478269574992,0.35568963087707656,False,True
01423000,0.09776412999866335,-0.4502780366293424,0.40811695042397006,0.013861503841352193,0.11773488795319845,0.06858080121255772,-0.6014250597180333,0.3473945952038065,False,True
01439500,0.026994550814812196,-0.6963034207413208,0.3708781409048765,0.0012361060966301972,0.03515830053671817,0.017013616282683632,0.23064285334747336,0.5384617363979074,False,True
01440400,0.004913631052003247,-7.684461260244788,0.10325819610689667,0.00020967563624180172,0.014480180808325624,0.012285331069493288,-0.471270324116275,0.14638465309875293,True,True
01491000,0.025222942780269375,-0.5654883497543879,0.38978933585714276,0.0009959587450791786,0.03155881406325622,0.014614746441536966,-0.5232292046954135,0.2424328959278548,False,True
01550000,0.03161488308293548,-0.27401379011992844,0.4397510711433554,0.0012733778436472911,0.03568442018090375,0.01498220144347005,-0.225867920708005,0.30365711643369164,False,True
01632000,0.09270455819382264,-0.3700899109486162,0.42192492165824846,0.011774737807419501,0.10851146394468882,0.04036456746273402,-1.93972889745989,0.30334654269615824,False,True
01639500,0.003158695759501513,-5.002691955935545,0.1428022260999773,5.98910120170719e-05,0.007738928350687316,0.006302836885222422,-7.720532009887455,0.04083222824933274,True,True
01667500,0.010727777950140639,-1.614228003527849,0.27668425982641376,0.0003008590042561326,0.017345287667148466,0.009393761244429463,-0.173859494544919,0.7066753065973419,False,True
02018000,0.009081858483330133,-0.35088186621190887,0.4253722887451376,0.00011142094370070253,0.01055561195292355,0.0056158380021270994,-2.1466903136456574,0.2593321686369856,True,True
02027500,0.007379417200983796,-1.8897345449101008,0.2570869524524615,0.00015736280130483358,0.012544433080248529,0.006377907836378195,-0.0004806034581454899,0.3284325569193079,True,True
02046000,0.007869146876476702,-0.5255205370987588,0.39595797591445037,9.446552912418697e-05,0.00971933789536031,0.0038963109850070243,0.21489094965647093,0.4404620360776856,True,True
02051500,0.003507168582574639,-7.28013461508359,0.10775705757270339,0.00010184757234012346,0.010091955823333922,0.008197231151409346,-71.08684437183285,0.056095553909013246,True,True
02137727,0.015874333914759512,-0.32717559973467103,0.4297054335366928,0.00033444092145721736,0.018287725978295314,0.014431424862609296,0.07508491900127001,0.6719791725891235,False,True
02215100,0.012230520506643082,-0.6864883524568974,0.37223314185801754,0.00025227442583255805,0.015883149115731365,0.008274755187663465,0.27531488505756263,0.47963382784517805,False,True
02314500,0.11037641817325286,-0.07725152375488697,0.48140535152545094,0.01312410542504847,0.11456048806219564,0.04087525029837355,-0.2918004370550926,0.22616753201864548,False,True
02350900,0.0034229227012889515,-9.080822314597944,0.09024600987262416,0.00011811094474211897,0.010867885937113941,0.006960560237431554,-1.4295658364869155,0.33835268032992033,True,True
02361000,0.020386110601806638,-0.19501556365113704,0.45557763532966644,0.0004966407071879,0.02228543711009277,0.008692660035722293,-3.4015630442842237,0.09609731687677257,False,True
02472500,0.2703722944119284,-0.0948093291895038,0.4773704155627887,0.08003185119542121,0.2828990123620463,0.12295336551889724,-0.27894494915188783,0.537935191953322,False,True
03050000,0.002994581226053965,-9.106233220855806,0.09003952826437618,9.062781537853254e-05,0.009519864252106358,0.007740992205860939,-61.49844185953834,0.09969697397399489,True,True
03069500,0.046867731180967265,-0.009195985428589903,0.49771152602949575,0.00221678398258685,0.04708273550450154,0.010991876086496113,-0.2036286080493439,0.13555461604718774,False,True
03170000,0.006969486363157027,-1.537169603885792,0.28271191715020966,0.0001232398170968096,0.011101343031219672,0.007768447522791469,0.0727957594045564,0.3616846136267709,True,True
03182500,0.007721964733142669,-12.093646354306346,0.07095395860379651,0.0007807576254697538,0.0279420404671841,0.018097073873924018,-1.7733522575028267,0.303056090409419,True,True
03281500,0.046155811407533484,-0.10995039061987733,0.4739447924679463,0.0023645927228376643,0.04862707808246003,0.012549200668787315,-4.660976996655974,0.04941291955617913,False,True
03473000,0.003954152466219242,-2.1086718870805385,0.2433876511639777,4.8605085095410623e-05,0.00697173472640853,0.004546810627205155,-0.3873256631358353,0.25265029893746804,True,True
03498500,0.016924372264022013,-0.19618525931412512,0.4553349931473007,0.00034262857896745036,0.018510229036061396,0.015872592321512814,0.3847906627590614,0.7435011365704518,False,True
04056500,0.014369419955912234,-0.6071843731498088,0.3835555361172533,0.0003318517988104299,0.01821679990586793,0.014878045677253284,0.2766459737590581,0.5898393550444437,False,True
04127997,0.016205728121550494,-0.8434751766645199,0.35168233864205184,0.00048414381850714176,0.022003268359658337,0.01560669523416971,-0.5359205498054109,0.26980810072765754,False,True
04185000,0.004113600955135873,-3.4310163371628972,0.1841275993145675,7.498038594975674e-05,0.00865912154607826,0.007109799479363267,-18.725288056104226,0.22654991602501737,True,True
05087500,0.013279219968885028,-0.23020085086373987,0.44839010782939465,0.00021693076764383977,0.014728569775909668,0.007916269394143626,-0.6941881935150633,0.655623316479858,False,True
05393500,0.037825822733121885,-0.3589851829036128,0.4239110984025454,0.0019444263039338472,0.04409564948987425,0.03133915812949972,-0.16058377577395078,0.6475221706791725,False,True
05412500,0.012687067177095042,-1.1697983414397743,0.3154774822507427,0.00034925437231744463,0.018688348571167135,0.012176002321654632,-0.4625466843284267,0.19263466983892671,False,True
05489000,0.022185930800063088,-0.09263107629553824,0.47786731800343957,0.0005378099793584022,0.023190730461941086,0.008771129896204578,-1.1030883001098384,0.22883442174047605,False,True
06037500,5.53455133901577,-0.22353191104841774,0.44973494422595894,37.47832227993409,6.1219541226583924,3.954446860922829,-0.1603447791427257,0.9137973965683631,False,True
06043500,0.048139922860200905,-0.771820208403069,0.3607737604944192,0.004106108592104366,0.06407892471089356,0.0420080383257503,-0.5902041942013889,0.01069517161749255,False,True
06191500,77.75371159312178,-1.9034453350098843,0.25618393859164107,17553.184286868604,132.4884307661186,107.65053459726214,-0.20882427121608527,0.5768734607613955,False,True
06278300,0.11353188790192095,-0.08183196715719765,0.4803461642322311,0.013944261857786628,0.11808582411867492,0.033606221154054726,-0.6443515785366247,-0.12329792492926822,False,True
06339500,0.01437131212477202,-0.48690079551473286,0.4021069122674925,0.0003070964791630979,0.017524168430002547,0.010510127541917607,-7.72268052518589,0.17778598314964436,False,True
06431500,0.7823964115884845,-0.19017146715814404,0.4565852559925591,0.7285564950080741,0.8535552091154234,0.5288506486167599,0.01343356863091738,0.44714482305115466,False,True
06450500,0.009295271017210043,-1.4503664246944905,0.2898242902095664,0.00021171671489393534,0.014550488476128056,0.010794154145462587,-28.650890983097153,0.062495184482442644,True,True
06479215,0.004009234191737546,-4.800542093714038,0.14704710098395427,9.32376746563725e-05,0.00965596575472244,0.008023998969260497,-3.35610991297591,0.12437729133581324,True,True
06803510,0.022681243381454913,-0.022621723603833077,0.49440782145770534,0.0005260762937035396,0.022936353103829292,0.006675445256963011,-3.6016382940000513,0.20816233303794174,False,True
06847900,0.0006585957047581847,-130.17504128322844,0.00756572489247173,5.689695146413413e-05,0.007543006791998409,0.007307301643893481,-972.5958716631839,0.11638158156016963,True,True
06853800,0.0010793832866711612,-55.5315254778258,0.017381774456605135,6.586308712850701e-05,0.008115607625341864,0.006706371039330789,-164.7238069539997,0.3600528869761894,True,True
07060710,0.005326617297994051,-36.326511785096685,0.02609159961144315,0.0010590595885560396,0.03254319573360981,0.013110850794714904,-4.389095192765213,0.20463452699149814,True,True
07066000,0.00951997865314685,-0.44922608606393943,0.40829223798079944,0.00013134335084170063,0.011460512677960817,0.007972603161368545,-0.36612427215338617,0.5012010402835743,True,True
07142300,0.0011144852843092954,-285.95315856861174,0.003472787049709427,0.00035641804716074216,0.018879037241362234,0.016234353197187634,-1213.7150684349733,0.04011013271055613,True,True
07151500,0.0029824609549760836,-6.16467765345016,0.1224788096291136,6.373033324190656e-05,0.007983128036171445,0.005164532898708232,-18.400848465262637,0.36957354561081396,True,True
07226500,0.08645201535834675,-0.0028451934362023756,0.4992897120941931,0.007495215795732347,0.08657491435590535,0.008062464068310007,-3.5104496895149193,0.08943961171160238,False,True
07290650,0.03227390539839424,-0.021759102674686837,0.4946187697026068,0.0010642693591458947,0.032623141466540204,0.012597293941294864,-4.452952692750811,0.3052381322451655,False,True
07301410,0.2118629129981531,-2.9619554559828747,0.2015334496391439,0.1778359122498708,0.42170595472422584,0.33329273960612577,-3.926899899534572,0.5491623937084145,False,True
08178880,0.06002479918966459,-0.3062034243891656,0.43361309302750073,0.0047062202654912875,0.06860189695257185,0.010590355848998475,0.38168574851100523,0.3920025652172144,False,True
08189500,0.0026116920965102318,-11.718216681231867,0.07289577233228263,8.675013701822526e-05,0.0093139753606194,0.006056356496876391,-171.66313993918064,0.0650431993121731,True,True
09210500,0.007372699947688351,-0.21043836274292627,0.45239895255848844,6.579544042164825e-05,0.00811143886259696,0.005824415586502377,-0.5721153036667705,0.6079629248300414,True,True
09430500,0.004059572069940112,-2.1354910561447964,0.24180925225654432,5.167328576774392e-05,0.00718841329973061,0.005580333461298566,-79.2578509187896,0.010262034216591791,True,True
09497800,0.4987745375832049,-12.469943987699205,0.06910876786047636,3.350999315409502,1.8305734935832274,1.647528845821705,-10.006557957198014,0.32796201312389606,False,True
09505800,0.008412299649485325,-0.23456976902889548,0.4475134380944312,8.736653389722121e-05,0.00934700668113708,0.0031281708311779845,-0.7868376663404106,0.2562975861540563,True,True
10234500,0.05192029439206786,-0.012197689829442249,0.4969690627588197,0.002728598489224078,0.052235988448808716,0.01925002880609809,-0.28215652514011746,0.6118595799008449,False,True
10258500,0.062140652115192554,-38.65357070984737,0.024598085298268117,0.15312070274175132,0.39130640518876164,0.07768897721162835,-13.921107166033178,0.7564541495230914,False,True
10259000,0.046060988146530216,-0.4495596549676306,0.40823663876567823,0.0030754069696379586,0.05545635193228959,0.011865808225824462,-1.8240008682079036,0.45993359872654543,False,True
11151300,0.012418506769672724,-2.506372021723952,0.22190799942376738,0.0005407502751554732,0.023254037824762243,0.013549852882283542,-82.47589305678517,0.4510548298658686,False,True
11253310,0.013621657755479192,-1.490200372576591,0.28651650141844553,0.00046205558346186596,0.02149547820965763,0.015733753053643433,-22.182562713164128,0.26672818707448576,False,True
11264500,0.016231697330913536,-2.929227873528452,0.20287152991451732,0.0010352258024767266,0.03217492505782611,0.01742877447111146,-6.299526556595963,0.30822204695443883,False,True
11274500,0.004484247175661149,-6.681405736874279,0.11518871831465025,0.00015446133780662935,0.01242824757585032,0.005423789990035264,-3.911047289679445,0.28581388753898496,True,True
12092000,0.11277209341645536,-0.013379356514039431,0.49667738807623313,0.012887697622784267,0.11352399580169942,0.045906856192592764,0.2730196089899477,0.4369718451417143,False,True
12175500,0.2504209837523864,-0.012554174243551985,0.49688103445755183,0.0634979497703682,0.2519879952901888,0.14025382553599824,0.39107594930065326,0.7319849803685178,False,True
12358500,0.021273349628755666,-1.0108029818822262,0.33213730888988374,0.0009099997566892891,0.030166202225160678,0.021301497671645818,-0.5383283479098304,0.18257207611970097,False,True
13083000,0.008535199001118286,-0.2898812455521289,0.4367038692257087,9.396736114877396e-05,0.009693676348464186,0.005759037881584754,-0.15081647145496468,-0.025733178821816534,True,True
13337000,0.9934761966899488,-0.1712154721642336,0.4605715152735236,1.1559837603578293,1.075166852334013,0.5567659855455916,-0.26599649564169514,0.47406780242608276,False,True
14325000,0.057907247308028126,-0.04166991986970481,0.4897951379250462,0.003492978920043625,0.05910142908630573,0.02590702903859034,-4.7291754599786735,0.4443192360859445,False,True
