basin,std_obs,NSE,NNSE,MSE,RMSE,MAE,KGE,Pearson-r,low_var_flag,neg_basin_flag
01078000,0.004984973625852713,-3.5898679123181516,0.17889510372800455,0.00011405804343767113,0.010679796039141905,0.006131428991222804,-0.42630080341389376,0.3195679821241853,True,True
01170100,0.007362651243276811,-1.3846070770164145,0.29545527065478927,0.00012926629067440531,0.011369533441368882,0.006533893440395326,-0.011685965684901989,0.608303159572885,True,True
01195100,0.009691993439698808,-0.24703650946323896,0.44503059731720823,0.00011714004634027177,0.010823125534718323,0.008064293452840253,-10.308884337902768,0.6102558065816255,True,True
01440400,0.011448121503026317,-4.836859392438731,0.14626598889922418,0.0007649757915240882,0.027658195738769518,0.025138644915782774,0.06209459253689931,0.3241364686944503,False,True
01466500,0.12671855774425966,-0.04772860954995006,0.48834596310093065,0.016823999457513412,0.12970736084553341,0.08968708876890416,0.09513464587393206,0.8193153260548562,False,True
01484100,0.04503032874455597,-3.983361127474243,0.16713014285703495,0.010104913384793971,0.10052319824196787,0.06028100240811539,-0.29465603313832167,0.24477081935229625,False,True
02014000,0.004141553396481093,-4.385300801611823,0.15660969327358437,9.23711810148226e-05,0.009610992717447173,0.007470461852792218,-2.7786116667688,0.4138037719146365,True,True
02028500,0.011954534419572836,-0.49186251987745466,0.4013062486485724,0.0002132034052305088,0.014601486404832515,0.010444192882313652,0.4005895430340025,0.5394608325334357,False,True
02137727,0.013226703203797444,-6.345412582254048,0.11982631058007027,0.0012850481817577003,0.035847568700787785,0.010363193713085219,-1.1429696568267151,0.5201874731338834,False,True
02177000,0.05351513734874234,-0.5138892821199954,0.39778999302494616,0.004335581985531746,0.06584513638479114,0.05350404576239935,0.12697134133381027,0.7149479038008936,False,True
02369800,0.06077173608073524,-0.03148084635073167,0.4922517491594167,0.003809469090981636,0.061720896712390984,0.019350862240886123,0.09039624258360746,0.3403428661144551,False,True
02374500,0.006482397681806576,-0.15195284673185672,0.46469419695635394,4.840676317016483e-05,0.006957496904071523,0.00286830158198846,0.38218541039992515,0.40215329235954816,True,True
03159540,0.01236523915806362,-1.0705159881745359,0.3256781608860841,0.0003165801127805932,0.017792698299600125,0.009836974675362735,0.10105110550935126,0.6095005402514002,False,True
03241500,0.030496990297004353,-0.10627217083400975,0.4747724505157542,0.001028906594348636,0.032076573918494417,0.017337863042014696,-22.87435400380046,0.5270125985037362,False,True
05120500,0.01861143057456143,-0.005066729045263951,0.49873651859764373,0.0003481403887354462,0.018658520539835043,0.0033488820113022253,-0.9350167232085356,0.1614857121043487,False,True
05123400,1.1520655025648376,-0.9379923328474191,0.3403684852474847,2.5722098629575436,1.6038110434080268,0.42622435860314467,0.10653723466738962,0.6596103612672688,False,True
05131500,0.015109445779620324,-0.5967564056202939,0.38509580561181955,0.0003645320653077529,0.019092722836404265,0.008305033739264943,-1.5875450793538177,0.23969124407102285,False,True
06280300,0.0036999121645165537,-1.6045617212963945,0.27742623856093834,3.565475706490115e-05,0.005971160445416046,0.005862491793612582,-2.1447597364614412,0.03510666671496838,True,True
06339500,0.009292393223263444,-0.1548737012969139,0.46406432052057084,9.972169473456034e-05,0.009986075041504562,0.005323743956891205,-4.7776192586435995,0.2547819614172652,True,True
06350000,0.043893734826354815,-0.006359879567998217,0.4984150700896771,0.001938913282301399,0.04403309303582249,0.005948055806982919,-12.740645246339326,0.18901157712598213,False,True
07014500,0.06057612274717236,-0.10279125717334914,0.4755583782216393,0.004046655736889571,0.06361332986795748,0.010382844949253282,-0.06103027130406069,0.10081562674624857,False,True
07057500,0.021972700601643046,-8.265844254628192,0.0974104004694174,0.004473545637846227,0.06688456950482845,0.006130161674065549,-1.2236535729205849,0.18767970346338217,False,True
07068000,0.0331135588746778,-2.149996498795538,0.2409640587143223,0.0034539956721443337,0.05877070419983356,0.007654413118752645,-0.08472073474211306,0.12807057738445543,False,True
07184000,0.00034239513203574974,-4860.626769551063,0.0002056501655158543,0.0005699500259023154,0.023873626157379514,0.013523506207922208,-1976.5425740043022,0.39684179754769405,True,True
07292500,0.003339854037426359,-187.9841140699248,0.005263597984997545,0.0021080469217655586,0.045913472116205264,0.007790995317571698,-12.848185219105538,0.01158619560452019,True,True
08104900,2.577931661940284,-0.6761224169108588,0.37367498350629813,11.139059801430346,3.3375230038803245,1.001309696925721,0.25948229805052225,0.5258500921052554,False,True
08164000,0.03088671937897295,-1.0643852522132966,0.3263297260935894,0.001969401718307462,0.04437794179891021,0.017166172007254888,0.21367506972012518,0.3399970975145994,False,True
08171300,0.030864131557791784,-0.22199592326960382,0.4500458302050026,0.0011640667382785516,0.034118422271238624,0.020709635784516026,-0.10071313233787094,0.4940481645195992,False,True
08175000,0.34206426961451847,-0.38840548573913947,0.41868937497040215,0.1624544998521061,0.4030564474761644,0.015535161713521808,-0.015584754538947143,0.2703217779821328,False,True
08380500,0.0016336335265879698,-8.209889492697693,0.0979442530416435,2.457897086025834e-05,0.004957718311911069,0.0037125893604179378,-442.31254615873684,0.07362879079085931,True,True
09306242,0.029336874515129573,-0.9248808805287596,0.34189426538944045,0.0016566529767234454,0.04070200212180533,0.03081182305984333,-1.3382396061179733,0.3360521163850126,False,True
10172700,0.04605426605748588,-0.05464447946993389,0.48670220565748895,0.0022368961128921183,0.04729583610522303,0.033538794351301374,0.1312725390634989,0.3943561468651914,False,True
10242000,0.005706232876400874,-0.6114596884963677,0.38292760344149995,5.247088981376135e-05,0.007243679300863708,0.00318668131440575,-0.02113673913656955,0.18078093738287696,True,True
10244950,0.029828864396598924,-0.448388586898373,0.40843189898495785,0.0012887198964501483,0.03589874505397296,0.02689553741237356,-0.15336078741592485,0.3714725433772085,False,True
10259200,0.0018813203329935174,-43.64914676302237,0.02190621448394825,0.00015802968070358534,0.012570985669532256,0.011423814015553773,-843.93019072778,0.6078505495843388,True,True
11151300,0.0005806752936372034,-87.42476567078211,0.01118258451670432,2.9815398205934344e-05,0.005460347809978256,0.0052581542809265695,-942.8227125670822,0.12959328328594075,True,True
11274500,0.008167022148338855,-0.8312781380006546,0.35319737279720725,0.00012214671103693122,0.011052000318355551,0.008890466948552216,-7.361005401780888,0.5136555377441682,True,True
12374250,0.009862101953813695,-3.3706734581134565,0.1861963881809466,0.0004250963113667851,0.020617863889520298,0.011440009312407318,-0.3722718153324225,0.3299708250578324,True,True
