basin,std_obs,NSE,NNSE,MSE,RMSE,MAE,KGE,Pearson-r,low_var_flag,neg_basin_flag
01052500,0.005529097159749083,-1.1326668986506796,0.3192168310108955,6.519757933917912e-05,0.008074501801298897,0.00668775891423505,0.46086499168641293,0.5708119037365774,True,True
01137500,0.004347148202928372,-2.084187651807776,0.2448467321420386,5.828404527161925e-05,0.007634398815337017,0.005288455020738263,0.047664598292958105,0.2739510529794422,True,True
01142500,0.00951460930534526,-2.6689877925437435,0.2141791849610262,0.00033214535725216817,0.018224855479596215,0.009095569199678293,-0.5146504311570035,0.30318338680565765,True,True
01162500,0.004935320105368157,-6.461527306187988,0.11818197398815829,0.00018174328987082054,0.013481219895499833,0.007831304108299427,-1.0202738632723216,0.3698893570701381,True,True
01423000,0.009235017092979738,-0.3583833348577792,0.4240192784691232,0.00011585045720157654,0.010763385025240737,0.00783940618831042,-1.283763877721726,0.16607226385012952,True,True
01487000,0.007744244094171833,-2.640230370180374,0.21550654174980718,0.00021831668845178023,0.014775543592429358,0.011034235901934485,-0.10813327878755152,0.6285122057501095,True,True
01543500,0.005835246912906666,-5.619885182075918,0.13123557325407964,0.00022540779569641737,0.015013587036295403,0.01184229715466344,-49.95197384677781,0.24299291997689304,True,True
01667500,0.04674249160152873,-0.5752529370107542,0.3883113715271627,0.003441707952851526,0.058666071564845094,0.023105023721236004,0.356684196912156,0.4431417012176016,False,True
02014000,0.0033015033658087356,-17.42295423453917,0.05148547372993005,0.00020080880975265964,0.014170702514436594,0.010134796266571941,-54.22422258783717,0.2020690300922875,True,True
02015700,0.010836732323736569,-0.8705106988519791,0.3483700654381592,0.0002196629889442351,0.01482103197973188,0.010249562805455175,-58.20684226547893,0.25029963074942657,False,True
02028500,0.005034801536083896,-1.2723130148014428,0.30559423731066204,5.760137730871632e-05,0.007589557122040542,0.005478231215464562,0.17178404211795906,0.39367687511674504,True,True
02051000,0.016553285458212948,-0.5480289390901885,0.3924602207842525,0.0004241773592823086,0.02059556649578517,0.004153636547061313,0.09999246484583701,0.3097070704100883,False,True
02070000,0.0049530832015809365,-4.144033624846328,0.16275952591731,0.00012619874770944444,0.011233821598612132,0.00528006305141874,-0.6582520125454654,0.375900409562378,True,True
02082950,0.003727685067306706,-26.40821146397982,0.035201089701403745,0.00038085452884615705,0.01951549458369316,0.007691148155644459,-6.066411302132558,0.7351426744795068,True,True
02128000,0.01300061191020366,-0.4880499952145938,0.4019211840290011,0.00025150412412580935,0.015858881553432742,0.004194718781457707,-0.35316444127618674,0.5284527373332282,False,True
02137727,0.0045840264618829335,-5.229295272662644,0.13832606945540998,0.00013089804165222996,0.011441068204159521,0.006222458740026953,-0.7400568611693583,0.39663918372846424,True,True
02196000,0.009450526189242596,-9.933337141542722,0.08379885593936397,0.0009764830748927507,0.031248729172443968,0.009193731328212135,-6.198936182520259,0.6098877484429682,True,True
02198100,0.028943994651848635,-0.6367917411461903,0.3792487606796389,0.0013712301809670978,0.03703012531665398,0.009812472461300384,-0.1145935198267074,0.3591375315722889,False,True
02215100,0.00012339559492717227,-956.9045759012826,0.0010428566357190353,1.4585508015390578e-05,0.0038190978012340266,0.0035112147338821234,-5596.565204445905,-0.03604158583129633,True,True
02349900,0.004207755264199937,-11.275127375192062,0.07532884406583949,0.00021733363876456923,0.014742239950718793,0.0061738735644526034,-54.6053771340733,0.24696181553900767,True,True
02408540,0.011375727682925522,-1.3592032093373652,0.29768964176396445,0.00030529783511299053,0.017472774110397882,0.005595155883602777,0.11083552623077342,0.2973530905777337,False,True
02450250,0.04063726844329837,-0.007049831255984795,0.49824373287942403,0.001663029590355977,0.04078025981226673,0.010822228137826063,0.10727016252901578,0.41371584508732867,False,True
02481000,0.0015017901608579578,-85.93749442246123,0.01137171358551441,0.0001960765373558428,0.01400273321019303,0.006894922888322457,-54.91893440337935,0.6047975705926502,True,True
03028000,0.0009403486561162638,-188.6616706940963,0.005244892674859815,0.00016770939347961802,0.012950266154779138,0.01091309457217339,-729.3031489494732,0.1496887690978331,True,True
03076600,0.006280899892828957,-0.14280525274615363,0.4666779674533794,4.508332833763883e-05,0.006714411987481766,0.0035587552113524722,0.225923386917249,0.33122091956955596,True,True
03165000,0.03060735015806158,-0.6226546479474857,0.3812930538843951,0.0015201189120260152,0.03898870236396712,0.018929122709532033,0.3306390417946369,0.5122949949013753,False,True
03300400,0.05819988412204139,-0.03163136360966745,0.49221527975590335,0.0034943691052426997,0.059113188928044645,0.019236172450638887,-2.166880630871212,0.37556917885953917,False,True
03456500,0.1204945083432878,-0.09989447163782827,0.4762144067268497,0.01596928703644137,0.12636964444217358,0.05789580068385806,0.4874142593718803,0.495170031566239,False,True
03488000,0.006528221393032137,-1.112485853702783,0.3212866008082721,9.002923461819372e-05,0.009488373655068275,0.004364266248694955,0.1625153915259525,0.2873112404120842,True,True
03504000,0.018993462662088234,-3.02529639963155,0.19899323750800432,0.0014521322128303667,0.03810685257050714,0.015771331832080824,-0.3551999072728176,0.5578840511431133,False,True
04124000,0.023239132849167267,-0.040660095307351485,0.4900375139885246,0.000562016076691009,0.023706878256974474,0.009069517179100284,-0.23896609086828113,0.2517026318695759,False,True
05123400,0.09672592068079616,-0.3551171185788311,0.42460733358493813,0.012678345306395812,0.11259815853909784,0.05843253822932649,0.3754842124937814,0.37724312181145303,False,True
05458000,0.027799654702567202,-0.874776202724534,0.34785316472714023,0.0014488660477763704,0.03806397309499326,0.01203275636005501,-2.517088536815147,0.29323101963286413,False,True
05495000,0.019145172071354247,-0.43920838772575665,0.4099690723564498,0.0005275240079702075,0.02296789080368956,0.007119664458758452,0.25203191933873015,0.5375625993465144,False,True
06188000,0.005906711253480987,-0.7687044777772429,0.3611797532118035,6.17087511796917e-05,0.00785549178471289,0.00701562194137309,-3.1667253590241895,0.35569017669077696,True,True
06350000,0.0026210462035375836,-3.7616215353448403,0.17356225046464263,3.2711783795560464e-05,0.005719421631210665,0.005101754106056887,-122.93194660394083,0.1842298098867293,True,True
06352000,0.000952774531365796,-54.47974731004942,0.01770546165000406,5.0363366600011055e-05,0.007096715197893393,0.006809415821371339,-255.36930168266412,0.06474591399703315,True,True
06404000,0.00016282937064242124,-1014.4144409557251,0.0009838506417320372,2.6922093243434096e-05,0.00518865042601967,0.004677124285778931,-5970.210820768529,0.015941390309021836,True,True
07142300,0.00034536379808000877,-428.48645468554406,0.002322953461405578,5.122749209091517e-05,0.007157338338440846,0.006739681325522598,-1057.4945728828582,0.10662108717496295,True,True
08070000,0.07618565565676773,-1.2765160458870426,0.3052022288293945,0.013213477656460235,0.11494989193757528,0.013323842960703271,-1.5954613326713925,0.7405352895486431,False,True
08070200,0.012178208337078174,-14.99432115024083,0.058843185977206794,0.002372097909664123,0.04870418780417268,0.007984889116345019,-2.5498669397508142,0.4283582721083013,False,True
08176900,0.045806801950543014,-0.007247614565550675,0.49819463864025576,0.0021134705071779655,0.045972497291075734,0.009843966361339586,-0.42916394284744586,0.23490299800956493,False,True
08196000,0.022145368414338867,-0.43365580003370896,0.41090445082092086,0.0007030896670918915,0.026515838042420827,0.006266371687638532,0.2993541712285097,0.5745384494709997,False,True
08324000,0.002513507214792353,-3.593214246484557,0.17878807353544865,2.9018634705892156e-05,0.005386894718285494,0.004713667741597305,-16.356970237005424,0.2494336025508877,True,True
09312600,0.006971621263071909,-0.08607547679712657,0.4793690406328722,5.278707273352624e-05,0.007265471267132384,0.004591721005432923,-1.028575300178197,0.2502946006023637,True,True
09386900,0.004050745198389212,-2.0876391012693585,0.24463999272574335,5.066363939304672e-05,0.007117839517230402,0.006100685024561585,-3.1799961656736695,0.10872922575619606,True,True
09494000,0.00020756216368385806,-2986.103079152563,0.00033466047639949675,0.00012869052956745292,0.011344184834859352,0.005286468415699263,-2799.0117742118014,0.2858098050578878,True,True
09497800,0.00943719216212253,-23.959381334666787,0.038521719262414614,0.0022228973750812384,0.04714761261274253,0.0324083839756516,-13.404753863045984,0.39119360653730767,True,True
09505200,0.0013305145759303586,-10.307957634224922,0.08124824846807119,2.0018127268897773e-05,0.004474162186253173,0.001741871103772528,-3.0521020477155165,0.26151647824606317,True,True
10172700,0.011751057055998826,-0.8848046483493452,0.34664392286395873,0.00026026766395416433,0.016132813268434132,0.012458964357051124,-0.052459322131172215,0.2747428173108359,False,True
11253310,0.1678883385097106,-0.1891251135320111,0.45680349369642237,0.03351726812462366,0.18307721902143823,0.10055864858930871,-7.2873438493304,0.40178659028914626,False,True
11475560,0.016904625051857653,-0.14146497359053178,0.46697004729586084,0.00032619227703713195,0.01806079392045466,0.004422445124967166,-0.2713316118206468,-0.06469617104901554,False,True
12082500,0.009837534564894976,-1.204718601670312,0.31203987753520573,0.00021336624241524377,0.014607061388768234,0.009848643694651429,0.2433132481762137,0.5854910962833901,True,True
12447390,0.041426138565238635,-0.15782376281587185,0.4634298765414655,0.001986970254511783,0.044575444523995304,0.03803202309647731,-0.12417656473096139,0.718356788202525,False,True
13011500,0.004590278353971934,-3.409932125836468,0.1848452026272664,9.292016001511178e-05,0.009639510361792853,0.009104878377310837,-5.154284506387319,-0.28255946912948326,True,True
13235000,0.005975593188112193,-0.37654704039759346,0.42077854256682473,4.9153347956978736e-05,0.007010944869058573,0.00552469286519101,-0.10503383176276615,0.5489412897402349,True,True
14096850,0.005259250046366848,-1.0285642241875355,0.3301894647019636,5.6109500287820015e-05,0.007490627496266252,0.004377870549828179,-2.17543013409283,0.25677877189088266,True,True
394220106431500,0.024462892560854856,-0.1726528203965345,0.4602668178791162,0.0007017542771260485,0.026490645087012293,0.020246815506309652,-0.7932041951461128,0.4533700385296632,False,True
