basin,std_obs,NSE,NNSE,MSE,RMSE,MAE,KGE,Pearson-r,low_var_flag,neg_basin_flag
01078000,0.016910870200402595,-0.03988709681499647,0.4902232096871257,0.000297384344398177,0.01724483529634821,0.007767423607772112,0.1466087185051027,0.38010683657835714,False,True
01543500,0.0038896989571753295,-7.68004582887651,0.10330529603660589,0.00013132699262408332,0.011459798978345271,0.0074792851208242426,-4.973164246608119,0.4961502178234199,True,True
01606500,0.005703185169413646,-0.5943274898779585,0.3854563480908271,5.185760783705171e-05,0.00720122266264915,0.00567842893542616,0.02606002743464375,0.1251455012468198,True,True
01644000,0.01225843449168009,-0.1682394297240759,0.46120367810452434,0.00017555042342316522,0.01324954427228217,0.003335367089129169,-0.3879766921207397,0.16745756951634722,False,True
01669520,0.0008249316921667649,-911.0531375084,0.0010952265086442464,0.0006206633753557877,0.02491311653237683,0.01353591267243825,-2165.5651925272446,0.06450066232144576,True,True
02177000,0.04678064670375401,-0.15611225750520275,0.46379774360963993,0.0025300694829301002,0.05029979605256964,0.03160374731908933,0.293546882176554,0.36548351862939954,False,True
02314500,0.023799854512563782,-4.260076687664341,0.15974245203266094,0.00297948141197852,0.05458462615039623,0.01829936373410885,-0.5084754200280834,0.1466308575137897,False,True
02315500,10.985730824589222,-0.2715737046082587,0.4402234442014082,153.4615023806629,12.38795795846365,6.702144386122628,0.21606107319209855,0.2409532183946092,False,True
02361000,0.0910807903513182,-0.06885139998731793,0.4833599938623576,0.008866881643954872,0.09416412078894419,0.020257153935441134,0.08850479241265474,0.26196634989933887,False,True
02372250,0.26354211666300936,-0.05939049217780834,0.48558056560827306,0.07357938106164433,0.2712551954555789,0.07909889618827552,0.16487770443342442,0.4539522842343527,False,True
02374500,0.006955667094562789,-11.491345760321021,0.07412159007451051,0.0006043476057226758,0.024583482375828608,0.009035055773930132,-1.677034884500141,0.14463857254981574,True,True
02479560,0.04322879716216311,-0.4755963936808576,0.40394306703329097,0.0027574896316386096,0.05251180468845657,0.01324108436097849,0.37469125949248216,0.4688611417845206,False,True
03173000,0.006469479540855211,-0.7561708268130392,0.3628222134388891,7.350306448358933e-05,0.008573392822190601,0.004160473761550455,-3.659813208416013,0.3920690795742928,True,True
03237500,0.003825324911959054,-29.784933193969422,0.03146144728061693,0.00045047933476700946,0.021224498457372544,0.007336941883801682,-3.657566418235012,0.11409666362719897,True,True
03473000,0.34994507936784186,-0.5609679679043273,0.3904773556454565,0.19115857023328692,0.4372168457793992,0.14615201137300612,0.33966225869768474,0.3859209715669681,False,True
04040500,0.44193892619098907,-0.0947051204971685,0.47739416408294005,0.21380687293874603,0.4623925528582246,0.2078601383847559,-0.304116954667089,0.5120440287843885,False,True
04045500,0.00033760559378612253,-210.60123582863935,0.004703641519779401,2.4117787676526383e-05,0.004910986426017321,0.004257998205206809,-549.6162177387076,0.0414393016770581,True,True
04122200,2.91657299913894,-0.33440510688493386,0.4283746625856278,11.350981011534428,3.3691216973470146,2.4180130935896647,0.11133325193256227,0.5120016937196264,False,True
04122500,0.04247093391636139,-1.1735404367513276,0.31510548547592304,0.003920589263979188,0.06261460902999545,0.027191507751653677,0.011066024257303742,0.09967196271789808,False,True
04124000,0.004149811490147489,-17.47165453213088,0.05135670409260106,0.0003180991694983988,0.0178353348580395,0.009118520863235759,-2.1185794163594838,0.048216849089673684,True,True
04185000,0.06411811193170754,-0.10604020805453374,0.4748247427449429,0.004547077599752611,0.0674320220648366,0.03723464795340465,-0.26147807098879783,0.4348479421872953,False,True
04216418,0.005213795315750332,-2.5734042833944417,0.21865549993708114,9.71382127802746e-05,0.009855871994921333,0.005263482417335715,-82.14265143598743,0.13711827423050862,True,True
04256000,0.03515210559639308,-0.2752199597738134,0.4395179444977325,0.0015757517208312768,0.039695739328437715,0.02331652490385648,-0.1812862743820105,0.37010716531992366,False,True
05056000,7.319273050678838,-0.140788105394958,0.46711769253571594,61.1140243005382,7.817545925707005,3.478071706921468,-0.24767657421541922,0.2173947014524697,False,True
05057000,13.970632240308012,-0.11560630868960997,0.4726777358777079,217.7424386513387,14.756098354624053,6.350790883731199,-0.2798566796047539,0.22456948690014358,False,True
05062500,0.2333142385457341,-0.21556539960652565,0.4513520567605883,0.0661699515278862,0.2572352066259325,0.1310489857535666,-0.0863738420596647,0.23607939818202817,False,True
05291000,0.010568027523176343,-0.21888528578452138,0.45067674584467504,0.0001361290161342894,0.011667433999568603,0.004578419868558343,-20.567465123333292,0.07034190063285828,False,True
05362000,0.07809858336492148,-0.10897340637882791,0.47416434791230044,0.006764059889647723,0.08224390487840252,0.05370968619324883,0.21017271983054242,0.3275648771916923,False,True
05408000,0.0026712581309728234,-180.2351471625041,0.005487415658123691,0.0012932251412104499,0.03596143964318517,0.010688118568567422,-11.498290432876694,0.2787163547393265,True,True
05556500,0.058495932048379544,-0.176652291741753,0.45942110450714285,0.004026238296826889,0.06345264609791218,0.01237271490400273,0.3115194161370729,0.3436455906803908,False,True
06350000,0.002289208056264804,-14.018490900941334,0.0624278532967943,7.870400394984925e-05,0.00887152771228548,0.0061282126747901275,-90.8608318625886,0.0888616408412586,True,True
06352000,0.026991536699805533,-0.014322621929556911,0.49644480437899347,0.000738977700130445,0.027184144278061154,0.0035535619447905125,-2.3125971461405372,0.038368708594745615,False,True
06431500,0.0670160624555508,-0.9097294231464621,0.3436745671419307,0.008576886315711824,0.09261148047467886,0.06572305743038524,-0.382426746737369,0.12087112838119901,False,True
06468170,0.5805082070786685,-0.11968358965708492,0.4717685247361737,0.3773219248526035,0.6142653537784819,0.20530222685255667,-0.6417263194194056,0.02914120998172081,False,True
06468250,0.01246146914037674,-0.7774591188412097,0.3600413029363371,0.00027601845048813914,0.016613803010994778,0.0065680534484441125,0.04041443952209334,0.08054622887184816,False,True
06470800,0.029522035685551812,-0.2111335026180201,0.4522567266137403,0.0010555641200096406,0.03248944628659652,0.010411577803612626,-0.9869848921192337,0.01766011652278002,False,True
06477500,0.0002210414862710119,-512.3062148505303,0.0019443669376824932,2.507980218401925e-05,0.005007973860157344,0.004336015485151379,-1631.7297830518337,0.004412824666621397,True,True
06479438,0.08425127295019212,-0.09494759532086738,0.47733890920877065,0.007772241325203663,0.08816031604528005,0.041593353728360115,-0.3431046402804543,0.3816211253587156,False,True
06847900,8.107148999409742e-05,-2769.6497495635517,0.0003607959483904735,1.8210335112123808e-05,0.004267356923450839,0.0017640479855993668,-4116.85717517594,-0.0007473098665386366,True,True
06876700,0.010523501280650195,-2.6050120485725694,0.21715469784926475,0.0003992337398379409,0.019980834312859432,0.003535156489459369,-7.544950281935755,0.3698215222030045,False,True
06892000,0.4403877679023053,-0.12308020191653024,0.4710137653289253,0.2178117310813468,0.46670304378838884,0.0789996120222231,0.43612277143950073,0.43838708948606425,False,True
07067000,0.0070486855039446445,-5.652835557043871,0.13067051977610752,0.0003305392644914438,0.01818073883238643,0.005899120839679182,-1.0021437133095215,0.47194410717589536,True,True
07142300,4.053598661058738e-05,-1864227.346755355,5.364146861760733e-07,0.0030632370280329678,0.0553465177588705,0.010049376960870797,-57807.72874933543,0.0064885819611601465,True,True
07149000,4.053598661058738e-05,-31508.83210087588,3.1735118793394345e-05,5.1775891406489575e-05,0.00719554663708669,0.0016387609615357583,-2098.863857781597,0.171828288774103,True,True
07301410,0.00037643667473578955,-3528.1619201520334,0.00028327312531798343,0.0005000983726595154,0.022362879346352414,0.006919959254692953,-2418.8320727569476,0.11498223198115619,True,True
08070000,0.03192418283592432,-1.26382712731834,0.3063887764244519,0.0023071872264249322,0.04803318880133748,0.005172867773565303,-2.7167008297911712,0.6092103228706106,False,True
08189500,0.011402318099975318,-18.017324187980023,0.049956727013517555,0.0024724966702002007,0.049724206079134144,0.006813349830653127,-2.633748972672392,0.12867433765511038,False,True
08198500,0.02381454474390979,-0.11680024774749698,0.4724111314065215,0.0006333737626961598,0.025166918021405797,0.005824465535684026,0.0773515662507589,0.2872890531960294,False,True
08324000,0.029605665856650424,-1.2766280902951403,0.30519179242888245,0.001995454164342781,0.044670506649721144,0.025421936845741025,-0.0839121756407668,0.1719467220669604,False,True
09210500,0.007045014620756787,-0.09774448287025783,0.476702481243922,5.4483507760121695e-05,0.007381294450170762,0.004510156641349464,-0.19074190738366426,0.3248205148050603,True,True
09430500,6.767275588195959,-0.524557308097777,0.39610905119578677,69.81865527533911,8.355755817120263,4.296605836394237,-1.0491587711292896,0.4936769852254871,False,True
09494000,0.0057142176049659365,-47.21448152196305,0.02031922249457668,0.0015743128874897538,0.039677611917676624,0.027157045441840357,-10.873008208023,0.0787750265826173,True,True
09497800,0.010463046904563917,-0.0664230492528306,0.4839280128827329,0.00011674703712713734,0.01080495428621229,0.0025099642654399807,-6.015209522172502,0.1915862095885184,False,True
09497980,0.03986549142484379,-1.0090114688744158,0.3323350576573479,0.0031928363567410955,0.05650518875945019,0.01817940521945486,-3.3962619159034517,0.18360072557415036,False,True
09505800,0.11505777575623591,-0.31709596501478265,0.431574701738182,0.01743610066338211,0.13204582789085806,0.0544248971751201,0.2931922498607141,0.4885398492414225,False,True
10396000,0.5467956447977019,-0.4070189042623682,0.41545166023797825,0.4206782184777214,0.648597115687174,0.3747453341813472,0.06216374248424794,0.6426815830220226,False,True
11124500,0.04264224110396582,-1.3329044973453676,0.300038600204864,0.0042420619163418515,0.06513111327423976,0.011979340102210698,-0.5674610237814541,0.5269175622289124,False,True
11151300,0.053510978636154775,-60.20569311287038,0.0160756990230063,0.1752579016782388,0.4186381512454865,0.07111841212395505,-48.48626102522871,0.4731280280323133,False,True
11264500,0.013736659743663964,-0.016212544576592824,0.49597945548444206,0.00019175506032117012,0.01384756514052814,0.005930739859056435,0.1355212940014242,0.2715692966547588,False,True
11266500,0.020159344685707768,-0.006862648774347058,0.4982902046688302,0.0004091881529790501,0.02022839966430983,0.007918339980931713,-0.13321081344175933,0.2305291106838223,False,True
12082500,0.0182783423434801,-0.08274414598971158,0.4801357871659286,0.00036174243586631257,0.019019527750875218,0.013121453255538623,0.517381286642588,0.5452398015713039,False,True
14137000,0.031970813712541346,-0.9114507298924452,0.3434713800006301,0.001953756734029056,0.044201320500965306,0.0268424611688829,0.2540029886160454,0.4455391152460572,False,True
