basin,std_obs,NSE,NNSE,MSE,RMSE,MAE,KGE,Pearson-r,low_var_flag,neg_basin_flag
01013500,22.67940342235571,-0.15420025327260545,0.4642093967266162,593.6690632314653,24.36532501797309,18.97074108548484,0.3438557896437694,0.37567279062802955,False,True
01052500,3.504661679757918,-1.375830065451952,0.29622344152744584,29.18149744403351,5.401990137350633,3.2465198412285146,0.14460228621141913,0.257992616980378,False,True
01078000,0.004984973625852713,-17.769708549536734,0.05058243511755934,0.0004664265451539411,0.02159691054650968,0.012652804376496789,-2.697845000030177,0.19989656718939136,True,True
01170100,0.007362651243276811,-2.6211200878934826,0.21639775227218683,0.00019629597108896985,0.014010566408570705,0.01028704162033404,-0.1467162151931687,0.5107120681152357,True,True
01195100,0.009691993439698808,-0.45502344853389043,0.4073280850320137,0.00013667724472702484,0.011690904358817792,0.007178502015095687,-6.498786965699191,0.4015642814881565,True,True
01411300,0.18439511503638875,-0.2538322469505785,0.44368874451636503,0.042632250430285984,0.20647578654720264,0.14811898601732434,0.23442717533443935,0.4632635684135712,False,True
01440400,0.011448121503026317,-5.748451504169235,0.12905804462503595,0.0008844485850817885,0.029739680312366987,0.026093067493965443,-0.05916774882502551,0.3107612331560439,False,True
01466500,0.12671855774425966,-0.5261140402974802,0.3958649467314777,0.024505717942642804,0.1565430226571686,0.11670817030309875,-0.08409524975947691,0.6217222104369887,False,True
01484100,0.04503032874455597,-1.9082020663430472,0.25587213327884867,0.005897050049987017,0.07679225253882722,0.06192631081643749,0.02516279941214561,0.2742999705284215,False,True
01605500,0.3159172354293647,-0.12807608389309477,0.4699080110757147,0.1125861666494372,0.3355386216956808,0.19991349120192295,0.07651563073105405,0.33654083283372443,False,True
01606500,14.06328035544306,-0.10367822351096612,0.4753578702407418,218.28090358876264,14.77433259368296,9.52292485387692,0.02978285496957489,0.3164262327942496,False,True
02014000,0.004141553396481093,-7.848807792095553,0.10153513207990303,0.00015177886183895064,0.012319856404964736,0.008405123771029211,-1.2446923253311928,0.2648733099736536,True,True
02028500,0.011954534419572836,-3.244747771350224,0.19066693835355916,0.0006066206953646235,0.024629671036467855,0.020597463012021252,-0.09754845617139218,0.34182948145740755,False,True
02056900,0.05505391689532778,-0.11588053584231162,0.4726164748247044,0.003382159994368399,0.058156340964407305,0.029543240775750084,-0.41504202231904075,0.41861858520322776,False,True
02074500,0.02933944501014545,-0.2924348062569213,0.43621742143794967,0.0011125318018312708,0.033354636886515056,0.017193746141135956,-1.0023132354243272,0.20119186096371053,False,True
02108000,0.021899176343657303,-0.8445552783148673,0.35154880188948423,0.0008846006138350935,0.02974223619425906,0.020066340185715438,-0.6455533614785929,0.31345065959359447,False,True
02111500,0.07892049591573659,-0.15343394983660152,0.4643745864951549,0.007184099543499676,0.08475906761815916,0.04749831104350734,-0.1847828225272541,0.40990144243631355,False,True
02137727,0.013226703203797444,-3.4453743368206258,0.18364210394833333,0.0007776990257245313,0.027887255614788116,0.021584918272089484,-0.26975409820237006,0.376545139439656,False,True
02140991,0.01485936682650303,-1.3123960642441963,0.30189626500120065,0.0005105788603993786,0.022595992131335563,0.015815611841553657,-0.2458041793928094,0.25927761880035644,False,True
02177000,0.05351513734874234,-0.46188583129901084,0.40619267850952756,0.004186650866705664,0.06470433421885789,0.04939939072348346,0.05135310496660683,0.35087788066736597,False,True
02196000,0.04211700161687452,-0.07851494482094146,0.4811127302652843,0.001913114918222138,0.04373916915331312,0.01747819665874451,-2.09328928940246,0.253091629060929,False,True
02212600,0.02924020546115091,-0.22001523384657284,0.45044735943875547,0.0010431003555812124,0.032297064194462204,0.020976289656282187,-0.8698801966657215,0.4140077728339856,False,True
02231000,0.04993031708870358,-0.7813057703055823,0.3595433521464739,0.00444086041806646,0.06663978104755792,0.04747417006157807,-0.6435104674798124,0.2360287333354721,False,True
02235200,1.6556586296645495,-0.31023830543531505,0.43285577840489114,3.591632446526814,1.8951602693510683,1.0912451643728793,-0.29960615543538593,0.11893044286186083,False,True
02245500,1.0010592297770136,-0.020532593075893946,0.4949190146335039,1.0226956951025192,1.0112841811788214,0.22802274101872413,-0.5169594974128986,0.29668684709123205,False,True
02312200,24.656179449511914,-0.017260914811063177,0.4957216950260795,618.4205643989513,24.868063141285276,15.045082751555713,-0.041975917881538205,0.5234744910204164,False,True
02315500,53.17493340165551,-0.1321599340473405,0.4690079688824117,3201.2654751309724,56.579726714884124,33.240581354453035,-0.09173742184978018,0.34185479253598533,False,True
02361000,1.4237367822225555,-0.31239450934810775,0.4324521598530833,2.660258350543654,1.6310298435478285,1.0783124966704662,-0.009885597150064429,0.3978412866686994,False,True
02369800,0.06077173608073524,-0.38055673472984597,0.4200698035930168,0.005098677525526843,0.07140502451177258,0.04645612984083754,-0.49110780245868346,0.4218731384724196,False,True
02374500,0.006482397681806576,-16.979543766403868,0.05268830548867688,0.0007555270334867404,0.027486852011220572,0.023872538635996067,-1.7331770199596495,0.2826085872956474,True,True
02422500,0.039671671765276875,-0.1487117541743801,0.4653951364380372,0.0018078902769547145,0.04251929299688219,0.01941242266872571,-2.5740608460679577,0.2505329238720765,False,True
02465493,0.050665593158420376,-0.029487477105434978,0.4927352404392533,0.002642696752532836,0.051407166353854165,0.0361969469183197,-0.3205134943339558,0.5787539342484683,False,True
02479155,0.10664592167459605,-0.05489181486728656,0.4866436241387161,0.01199765657570291,0.10953381475920078,0.05112549647444203,-0.5404430999258316,0.46851700145062386,False,True
03015500,0.14191385946091464,-0.016073001733655445,0.496013784788588,0.020463246424796758,0.1430498040012525,0.048144154366852265,-0.1908024243048243,0.3176840238499797,False,True
03159540,0.01236523915806362,-2.1034305082625773,0.24369853418655976,0.00047451185401311717,0.021783293002049006,0.014653875809634122,-0.1562727420298473,0.5106018232032329,False,True
03173000,0.027298534140496388,-0.17305459092471098,0.4601817203195364,0.0008741719720770401,0.029566399376269006,0.016153859768275453,-0.7309110908213441,0.34724165223118586,False,True
03241500,0.030496990297004353,-0.1240418614165959,0.4708005139470584,0.0010454335868031006,0.03233316543122712,0.012813737993132238,-10.574359208479407,0.22693167746682472,False,True
04057510,5.560900103839699,-0.20884743735189026,0.4527247935234789,37.38192665971985,6.114076108433706,3.905914401371932,-0.01631683230110581,0.4770774269720069,False,True
04057800,0.1538200389553778,-0.17143120476040763,0.46052575730131795,0.02771677029918255,0.16648354362873993,0.08337444105060081,-0.1641512952991675,0.4924759256063685,False,True
04059500,0.14069796847239088,-0.012075061172193147,0.4969993512157647,0.020034955257079653,0.14154488778150787,0.08504472516820802,0.0951115513075248,0.3986104088282271,False,True
04063700,0.006272409328713661,-1.043713780923495,0.3285460039861532,8.04060740493674e-05,0.00896694340616508,0.006474020846473509,-0.07716676272491463,0.1838110791738163,True,True
04122200,0.40444480950038336,-0.8233430125241943,0.3541900490177973,0.2982544344484752,0.5461267567593399,0.41938739339681474,-0.007487244463548315,0.4442904962570018,False,True
04122500,11.134674261923502,-0.30755664062422206,0.43335881009165084,162.11214183636224,12.732326646625205,8.578599375192779,0.01021613016665679,0.31588204582873475,False,True
04124000,10.802079173300712,-0.7175471404612608,0.36797889726036753,200.4118411764865,14.15668891995888,11.126301963316266,0.18578594623139522,0.3988288430469572,False,True
04127997,3.046290329403169,-0.6694840065701544,0.37460422970836027,15.49261920802393,3.9360664638727747,2.8117209882716945,0.3747550057633183,0.43578335441039595,False,True
05056000,9.611675234572544,-0.1952199075094907,0.45553522750917236,110.41955547530796,10.508070968322777,4.7690588832794765,-0.4449563751652559,0.17210780936622652,False,True
05057000,18.92141221357965,-0.10030009139370732,0.47612243797810083,393.92926284462874,19.847651318093753,8.294274631133296,-0.35728052881058137,0.29218745160885745,False,True
05057200,0.30716520779279144,-0.07678190828091447,0.4815142100442141,0.10159487361894286,0.31873950746486207,0.13391596388002844,-0.48105116188836394,0.45981877616273803,False,True
05087500,0.2574408724510482,-0.588363709447548,0.38634446787752125,0.10527007999529593,0.3244535097595585,0.18391806768446894,-0.980064975823242,-0.11370003509897286,False,True
05120500,0.01861143057456143,-0.10368865040308162,0.4753555141386502,0.00038230157728853076,0.01955253378180257,0.007433747123671535,-0.15611305450332402,0.07684556743392407,False,True
05129115,10.71110921180738,-0.023404306788998186,0.49421660151891766,117.4129865927585,10.835727321816403,5.814355242056619,0.006317319274149025,0.41931336026109,False,True
05131500,0.015109445779620324,-0.9572527243503841,0.33815168780330357,0.0004468316992030507,0.02113839395987904,0.012740567446935603,-7.67809988486613,-0.008129903459050104,False,True
05399500,0.3676496117567286,-0.001386912937022089,0.49965351204006153,0.1353537008276517,0.3679044724213769,0.07302212681597967,-0.34610877204700863,0.28921741826762687,False,True
05414000,0.15742225010881272,-0.02776046332740223,0.49315489580020483,0.025469718103054276,0.1595923497635594,0.03764692812979392,-0.47378739357195854,0.2066962370232535,False,True
05466500,0.02724296591339867,-0.0631594358129659,0.48469351550912043,0.0007890548107821981,0.02809011945119134,0.015626086755627794,-0.22778844751218963,0.419532682908594,False,True
06280300,0.0036999121645165537,-6.933207170316521,0.11194187943192725,0.00010860044977639401,0.010421153956083463,0.008262526893672203,-2.0876337547198998,-0.07686391454885784,True,True
06289000,0.13247564655945485,-0.6624245084128844,0.375597504019416,0.029175212536338153,0.17080753067806512,0.11085904435209601,-0.5644855153984507,0.16187745136780904,False,True
06339500,0.009292393223263444,-0.7468337840798411,0.3640555194114117,0.00015083660245480065,0.01228155537604259,0.007646876074915477,-7.003895854911759,0.06043027813107255,True,True
06350000,0.043893734826354815,-0.013749987210672998,0.4965859746001243,0.001953151506774507,0.04419447371306176,0.004520846239822538,-5.657678891603462,0.01789272126763882,False,True
06352000,0.1655031446250788,-0.07923610729655928,0.4809458610740503,0.029561670144011277,0.17193507537443103,0.0576902168018651,-0.4794895774000605,0.1685938088413837,False,True
06353000,7.555658528847733,-0.1900196693095797,0.45661690349806655,67.93581408848327,8.242318489871844,3.5419622968774553,-0.5311281237389776,0.19235398560297462,False,True
06408700,0.15925380799853373,-0.1413137722211142,0.4670030207496088,0.028945743508667365,0.1701344865354093,0.0739275291395057,-0.38609613236094886,0.2347272695170664,False,True
06447500,4.496111043289304,-0.02433074954968273,0.49399042138862553,20.70686096886134,4.550479202112821,1.7470787104352572,-0.3027107782925049,0.5244192694144808,False,True
06450500,0.06491480374493688,-0.0439297760822559,0.4892535994640533,0.004399048823238136,0.06632532565497237,0.017040608487083907,-1.31168573111233,0.10983974020278177,False,True
06453600,12.358726860251135,-0.014036920352881177,0.4965152276477579,154.88210256642444,12.445163822402035,4.639745729476041,-0.24539233351740997,0.5596616317854104,False,True
06468170,6.782060910985787,-0.12680515796558445,0.4701888164295028,51.82892465331344,7.1992308376182415,2.4275829450309603,-0.6592161232987359,0.04044491323662741,False,True
06468250,8.052503534761238,-0.13706301972844015,0.4679319190723124,73.73036495911586,8.586638746279935,3.1038406431317673,-0.5758302978578911,0.06696988298430351,False,True
06470800,0.07468903315640261,-0.008518375246850729,0.4978794380594591,0.005625971018492386,0.07500647317726908,0.024931293370234708,-0.4098083478325998,0.23314169231028337,False,True
06479215,0.9146708285713719,-0.2061490068038443,0.4532785396253668,1.0090916683933868,1.0045355485961593,0.514204777239324,-0.37459449333327455,0.2575242783797357,False,True
06479438,4.245832965445173,-0.04450230057094151,0.48911659317807715,18.829344884963295,4.339279304788215,1.8826481559320387,-0.2678766303834468,0.32404858589277524,False,True
06623800,4.831887787565846,-0.09220338327375233,0.4779650047383352,25.499824851740637,5.049735126889393,3.837815554235359,-0.17958132300464613,0.6467398536789362,False,True
06847900,0.017131668173072913,-3.50669400407845,0.1815971614292287,0.00132268789516236,0.03636877637702924,0.026042577505484516,-80.22819461924877,0.11835691970702712,False,True
07057500,0.021972700601643046,-0.4588205651800148,0.4066990548888581,0.0007043179440990176,0.02653898913106936,0.01717839270620443,-1.1317576701472398,0.3644628706739983,False,True
07068000,0.0331135588746778,-0.22727296353435267,0.4489795442104895,0.001345714354351907,0.03668397953265031,0.019643781522707855,-0.7078365816496373,0.29341432197633593,False,True
07142300,0.3762541224870051,-0.039968841709070224,0.4902035656398593,0.14722544028510143,0.38369967459603277,0.15544137129904492,-0.26715050777930105,0.2953226200322907,False,True
07180500,0.013586907098665403,-0.5435003930782598,0.3931589720690999,0.00028493641526157075,0.016880059693661357,0.010490949487707232,-5.617906660999357,0.3138644176210625,False,True
07184000,0.00034239513203574974,-2680.503505536089,0.0003727860925199997,0.0003143645254731418,0.017730327844491252,0.013131635587352745,-1257.898387956113,0.18791689802746867,True,True
07208500,0.2274045886948886,-1.9638304472968455,0.25228122476377746,0.15326811033494292,0.3914947130357483,0.25138261792698285,-4.978574254575677,0.10917078729645563,False,True
07292500,0.003339854037426359,-43.59848674452729,0.021930552336147855,0.0004974793948152524,0.0223042461162724,0.018798810151954913,-11.842915697678263,0.24746946389246663,True,True
07301410,0.10514322147017768,-0.6322281121045299,0.37990628373027896,0.018044440139926263,0.1343295951751745,0.08953541498629106,-2.998115575947505,0.25719944419211527,False,True
07315200,0.14490059537800754,-0.0367783154840855,0.4909714485851288,0.021768386766351767,0.14754113584472558,0.04883310037910605,-2.22418499231617,0.28907340159654654,False,True
07359610,0.05770759209569074,-0.17626277741939123,0.45950333313415315,0.003917150526603936,0.06258714346096918,0.04211148846839162,-0.3478304224239257,0.5853098209340629,False,True
08014500,1.6414974376785663,-0.005216460895751007,0.498699277360455,2.7085696639737913,1.6457732723476193,0.5637454846764655,-0.27445316929909436,0.2809347089119834,False,True
08101000,0.08825835519260046,-0.006233187580687138,0.49844654459429927,0.007838090908219679,0.08853299333141108,0.03632450706956601,-4.435928750382243,0.3861167192037922,False,True
08104900,2.577931661940284,-0.23942937968198752,0.44654232416206224,8.236915060996779,2.8700026238658354,1.6119830932760413,-0.12451206364497835,0.3312278141934722,False,True
08164000,0.03088671937897295,-6.431815211960726,0.11859842452209779,0.007089873187616989,0.08420138471318027,0.0516151052171926,-1.973260196959131,0.15460362483828088,False,True
08171300,0.030864131557791784,-3.7024453713896444,0.17536336341198605,0.004479524146660282,0.06692924731879392,0.05383408493305328,-2.545659941344172,0.0645574127556164,False,True
08190500,0.04846534180893126,-0.5969230464738275,0.3850710945624003,0.003750995547261911,0.061245371639511756,0.03995002543270697,-4.252182638610417,0.2573653804040439,False,True
08194200,0.07386319289921549,-0.6088485029052069,0.38331087408349035,0.008777509432317603,0.09368836337730317,0.05560091731680039,-44.725227338753996,0.05256198983912007,False,True
08202700,0.06332379342797458,-0.6506193741120225,0.37727031265475736,0.006618823273274298,0.08135615080173286,0.05210642100078821,-1.7707339720202335,0.16128376946031242,False,True
08267500,0.015538872568228003,-1.3483747211749044,0.29865235622407044,0.000567030483390055,0.023812401882003734,0.01879543667197507,-0.013656787303535811,0.06244888282703897,False,True
08269000,0.5363660649598964,-1.704225912503896,0.26996193634530335,0.7779748468940314,0.8820288242988612,0.6093124672634576,-0.9954102160436837,0.3759774922335306,False,True
08271000,0.4433854759509315,-0.19792044936987097,0.4549755202863203,0.2354999960680183,0.48528341829081517,0.31086421049772095,0.1947369116247184,0.47849311743802847,False,True
08324000,3.3930641870556415,-0.04492841229420885,0.4890146735640971,12.030140202472202,3.4684492503815307,2.600590784257049,0.08128319110637061,0.34014601786198867,False,True
08377900,1.5062856055714116,-0.3431095792503558,0.42678328357137085,3.0473763891743335,1.7456736204612628,1.2589173726862461,-0.20824081819962292,0.31167304405639945,False,True
08378500,4.697549676272405,-0.5337411146007374,0.39467331300639935,33.84502370514051,5.817647609226646,3.927363810185712,-0.051667375131607685,0.11785853983223513,False,True
08380500,0.0016336335265879698,-42.66145672668078,0.0223906713594185,0.00011652188372644385,0.010794530268911374,0.00718492544263237,-297.20156716673984,0.013299798360625873,True,True
09034900,0.018874794432544712,-2.6716502046228943,0.21405712247257652,0.0013080542624514648,0.03616703281237576,0.023468675598179826,-3.18138773040109,0.3036648733758696,False,True
09306242,0.029336874515129573,-3.0387776011052976,0.1984608329966065,0.0034759828532127707,0.05895746647552599,0.046561863658824004,-2.245409509542103,0.24808677405448346,False,True
09312600,0.18581487385877182,-0.5576108282927921,0.3909898992207118,0.05377988973020016,0.2319049152782238,0.1557749840106882,-0.3323868972294546,0.1168368664137477,False,True
09352900,0.032025709000013294,-0.35163008985260147,0.42523694705006915,0.0013862940450844676,0.03723296986656406,0.027843559835639017,-0.2425969590556749,0.45297977143516055,False,True
09386900,0.06550172481708853,-20.532123844880964,0.0443810804025555,0.09238305959530448,0.3039458168741667,0.20959552667342335,-4.767986481310239,0.3719308932072117,False,True
09404450,0.6316102144250614,-0.1857131000773622,0.45751658804836076,0.47301826167189864,0.6877632308228601,0.2939896062734943,-0.01853883126245015,0.10634751754916404,False,True
09430600,0.9033416755265681,-0.02359544922932555,0.49416991937832444,0.8352806871078637,0.9139369163721661,0.3928773249301245,0.022958737845061417,0.2098414873541703,False,True
09497800,15.030433575731601,-0.042112626944401876,0.48968895584191785,235.4277626764331,15.343655453523228,10.965481252200535,0.24136313139760568,0.34082007596413977,False,True
09505800,4.271159057861048,-0.03382927603863828,0.49168335404618413,18.859940404234436,4.342803288687439,1.4497660409745556,0.31366381964813383,0.3797990335982834,False,True
09510200,3.1884345910417857,-0.09530269377946343,0.477258012872699,11.134973299594817,3.336910741928051,0.545872735117356,0.2985299355331076,0.34544215966785774,False,True
10166430,0.26802079566569653,-0.07393684093078967,0.4821747607083332,0.0771464107395439,0.2777524270632822,0.16684808551393865,0.10600949514592917,0.38726523153560477,False,True
10172700,0.04605426605748588,-4.363057326886498,0.15715715710663086,0.011375020038752315,0.10665373898158619,0.08304519790176429,-0.5796150641894025,0.30487253872057307,False,True
10205030,0.46110104015834436,-0.3657014351875978,0.422707610151448,0.2903674760656046,0.5388575656568297,0.3631798671037161,0.02332250835483618,0.5232139968061068,False,True
10242000,0.005706232876400874,-8.783611845405451,0.09273330812867377,0.0003185651014329031,0.017848392124583747,0.01079902028801356,-12.598598707790387,0.08359102889450794,True,True
10244950,0.029828864396598924,-4.606913801681025,0.15135659855976413,0.004988814078810659,0.0706315374235239,0.05342274310769739,-1.2462824517718598,0.3024614189632796,False,True
10249300,0.25185047846454767,-0.20074291182786141,0.45439201218166575,0.07616151810772757,0.27597376344088864,0.22238073423502375,-0.14387024858223185,0.46583991675267117,False,True
10259200,0.0018813203329935174,-48.6534714846442,0.019741983534201677,0.00017574181845377205,0.013256765007111352,0.009777134110103027,-523.5581254747793,0.3263080539593068,True,True
10263500,0.4681362874312179,-0.19245452803062957,0.4561098016925574,0.2613282982006891,0.5112027955720597,0.25425555484704876,0.29589882099823084,0.323462518862931,False,True
10310500,0.44255035476825216,-0.34615688325189997,0.4262289564429921,0.2636459247293915,0.5134646285085191,0.22223655234052392,0.2382645524654181,0.33406450641489716,False,True
10343500,0.061911892247483065,-1.2481189178033443,0.3078705014520483,0.00861722506067981,0.09282900980124591,0.0341724524794378,-0.2430314427034952,0.13773394113179352,False,True
11151300,0.0005806752936372034,-274.6734161339877,0.003614369656373921,9.295260908495648e-05,0.009641193343407054,0.007855699671536563,-1232.955910778869,0.14010047484361898,True,True
11176400,0.016219205048483547,-0.3150601375418405,0.4319542217429446,0.00034594315525111197,0.018599547178657656,0.00829170868752181,-3.8774199765359,0.3147516517220509,False,True
11224500,0.02362747823154338,-20.351479724404236,0.04473976722481421,0.011919628551460256,0.10917705139570429,0.022630465782155662,-5.0891281935628605,0.04878819467552744,False,True
11264500,6.613238783234538,-0.08090007424247592,0.4805612784477586,47.27308606187657,6.875542601269849,2.9816414883803475,0.07860307554411616,0.23893848870235107,False,True
11274500,0.008167022148338855,-4.0206402249782665,0.16609529263204062,0.0003348779620393166,0.01829967109101463,0.016223905536697843,-14.19247669227204,0.4334208893914993,True,True
11274630,1.3381328291075263,-0.014402345172268127,0.49642515677000054,1.816388299943557,1.3477345064750539,0.2207645744528036,-0.2896034263213796,0.18383569368080346,False,True
11523200,11.752117272227848,-0.19234723374593643,0.4561321238749932,164.6777716107253,12.832683725968053,7.355461742349332,0.37999917834238395,0.5317706488530651,False,True
12048000,11.417152807508751,-0.060833729784834256,0.4852405051155715,138.2811387503298,11.759300096108177,7.407629507952354,0.4803828320371494,0.4845898187838213,False,True
12114500,0.9109851140174047,-0.29281759868483426,0.4361445936971185,1.0729014104691776,1.035809543530652,0.5154866825101688,0.41782224239170096,0.5327565241443661,False,True
12374250,0.009862101953813695,-0.8702104756271289,0.34840650485100894,0.000181898643833203,0.013486980530615554,0.010485967585746577,0.12456288086642198,0.3555898021970453,True,True
14166500,0.1266229592414071,-0.23371178032984297,0.4476853320137543,0.019780562144190814,0.14064338642179663,0.09249269879376142,0.2660528064306431,0.4080966997403282,False,True
