basin,std_obs,NSE,NNSE,MSE,RMSE,MAE,KGE,Pearson-r,low_var_flag,neg_basin_flag
01078000,0.004984973625852713,-9.301929981979479,0.08848046321243046,0.0002560025690985537,0.01600008028412838,0.010574619216101226,-1.4624740492569641,0.2642651517756021,True,True
01170100,0.007362651243276811,-7.9316411077122595,0.1006882940245863,0.0004841720578442505,0.022003910058084008,0.009390141984292364,-1.461539613371401,0.5598167163685877,True,True
01195100,0.009691993439698808,-0.5165571701404459,0.3973682822966391,0.00014245739867262494,0.011935551879683861,0.008163306608714565,-10.694166276297954,0.5063902640576128,True,True
01440400,0.011448121503026317,-6.888709139755103,0.11250227499597892,0.0010338901646500154,0.0321541624778195,0.025403115465586032,-0.5643962163916048,0.3324494830464378,False,True
01466500,0.12671855774425966,-0.012163689150827661,0.49697746032879636,0.016252912445049027,0.12748691087734862,0.08223994053866432,0.09586832748679752,0.657429520951064,False,True
01484100,0.04503032874455597,-1.4287045403230447,0.29165534336352655,0.004924758288520617,0.07017662209397527,0.03572139702397521,0.15652689022639987,0.3287531295819702,False,True
02014000,0.004141553396481093,-14.430471415153786,0.06086252638361321,0.00026467061372070696,0.016268700431217822,0.009925626958134214,-2.7713449065543254,0.37477000540722705,True,True
02028500,0.011954534419572836,-2.1775033639377637,0.23937742543368976,0.00045409984385060876,0.021309618575906252,0.014830144279041047,-0.12926379329414517,0.5258168220659766,False,True
02108000,0.021899176343657303,-0.5617350909056116,0.39036042545932614,0.000748967426622757,0.027367269257687312,0.02197948668287047,-0.6599562389937887,0.7608114538467942,False,True
02137727,0.013226703203797444,-11.728302225739768,0.07284221920209902,0.0022267614581058903,0.04718857338494024,0.016314860096875237,-2.044820334314332,0.5428950192809909,False,True
02140991,0.01485936682650303,-1.1995388337370723,0.31254504225910473,0.00048565989559436326,0.022037692610488133,0.01339809548147644,-0.07277813581325798,0.4850995558402443,False,True
02177000,0.05351513734874234,-0.5943367823264409,0.3854549674554056,0.004565973161951001,0.06757198503781728,0.044415740306438925,0.3422942360562976,0.5919459465370706,False,True
02231000,0.04993031708870358,-0.24876846069042258,0.44468784469388073,0.003113225433193614,0.055796285120011474,0.04199238647279419,-0.2999389140927873,0.589587153913619,False,True
02369800,0.06077173608073524,-0.18748475551770127,0.4571460429507473,0.004385623337709939,0.06622403897158448,0.028180788615614703,-0.0568420519101549,0.31961328130635686,False,True
02374500,0.006482397681806576,-8.862562673740417,0.09205930773752304,0.0004144394772347736,0.020357786648719296,0.01669586235295679,-1.0507442724051832,0.4166701592119421,True,True
03159540,0.01236523915806362,-4.466731989873486,0.15463761318173383,0.0008358586167795084,0.028911219565758695,0.014672295568733711,-0.8166113802491937,0.577098424671932,False,True
03173000,0.027298534140496388,-0.6230925424803793,0.3812294014813547,0.0012095447387534888,0.034778509725885164,0.026067789229434514,-1.7194236745156792,0.6241481498556163,False,True
03241500,0.030496990297004353,-0.048255225055834794,0.48822040718716603,0.0009749469814532591,0.031224141004249566,0.010076325445986677,-11.404657864400077,0.4181137764080439,False,True
04063700,0.006272409328713661,-7.876392623623186,0.10125154376792554,0.0003492249693906732,0.01868756188994897,0.01770888511669148,-3.1236130787130723,0.37070335734981785,True,True
05062500,0.03019265967001476,-0.320990570821704,0.43085052243274236,0.0012042106423832736,0.03470173831933025,0.021755091485935785,-3.7870850337852797,0.355214039049961,False,True
05120500,0.01861143057456143,-1.3274832770522043,0.30052743071511195,0.000806206104959736,0.028393768769920908,0.02152438085465062,-9.689523279446764,0.07761744338022801,False,True
05131500,0.015109445779620324,-4.2640017271266375,0.15964235700469873,0.0012017471259979792,0.03466622457086983,0.029382917830991905,-12.564098744263331,0.28295717418816213,False,True
05466500,0.02724296591339867,-0.022834590491464857,0.4943557939441017,0.0007591265496736957,0.027552251263257884,0.020342074375398648,-0.36195303376449806,0.6790024937328697,False,True
05489000,0.05362235329500716,-0.03495873703249752,0.491410455554623,0.002975875614192798,0.0545515867247947,0.016635690504820482,-7.0396353395831675,0.20503287282243135,False,True
06280300,0.0036999121645165537,-44.026231255908286,0.02172674087608753,0.0006163798399749181,0.02482699820709137,0.02435602896407997,-13.980700236801088,0.09282293950907426,True,True
06289000,0.13247564655945485,-0.36646635227315305,0.4225709776263802,0.023981206995910394,0.15485866781007254,0.10103473914532432,0.14237451113880828,0.5023841230718641,False,True
06339500,0.009292393223263444,-11.736372016064687,0.07279942613890335,0.0010997675337013006,0.03316274315706257,0.03187747632490958,-40.3956460870235,0.25093596843292937,True,True
06350000,0.043893734826354815,-0.24799321542053399,0.44484120020483653,0.0024044585547663474,0.04903527867532056,0.02219388262065524,-56.73739894225783,0.06759948221106384,False,True
06450500,0.06491480374493688,-0.21501728765536798,0.4514637450340247,0.005119999919470818,0.0715541747172785,0.03572653290098046,-3.7956228637638025,0.3138313623932716,False,True
06464500,0.11972764937016057,-0.026695174637616947,0.49341411205501334,0.014717377611166491,0.12131519942351202,0.03620067053570699,-2.3525973794328827,0.4682210503210186,False,True
06847900,0.017131668173072913,-0.7178066748078433,0.36794375746784963,0.0005041660456514738,0.022453642146686888,0.015286466247065476,-55.83179924797813,0.22981011603530738,False,True
07014500,0.06057612274717236,-0.811354947905657,0.3557003717175445,0.006646706567364032,0.08152733631956849,0.03158546828465565,-1.5401714572116503,0.23721654304424414,False,True
07057500,0.021972700601643046,-18.576282169091304,0.04859964457049251,0.009451420647292047,0.0972184172227261,0.020374696764872663,-3.0477191239281716,0.43715115367049473,False,True
07068000,0.0331135588746778,-10.595355247212373,0.07939434659624403,0.012714397256048265,0.1127581360969055,0.03659780356903886,-1.7940924318852312,0.18880208701080564,False,True
07180500,0.013586907098665403,-0.9168762051367212,0.3428325131656136,0.0003538631002889336,0.01881124930165282,0.007104187520332563,-1.9288324581470513,0.5311597912629836,False,True
07184000,0.00034239513203574974,-4967.795057605566,0.0002012155407635254,0.0005825138386851323,0.024135323463445282,0.008605651924440504,-69.61144932523291,0.3919877576004107,True,True
07292500,0.003339854037426359,-368.64306591268564,0.002698013512103786,0.004123229780895258,0.0642123802774454,0.02675927335826997,-22.28339850925304,0.0879279571127902,True,True
08104900,2.577931661940284,-0.6863958693600944,0.3722459565269516,11.207334409564337,3.3477357138167787,0.6767866274505535,0.23392068456368997,0.6298532445131941,False,True
08164000,0.03088671937897295,-2.438282354521388,0.22531238892029376,0.00328008503730631,0.05727202665618102,0.025438640417541368,-0.24226415159513626,0.29951879268275433,False,True
08190500,0.04846534180893126,-0.07079620718939661,0.4829060419022388,0.0025151818142153653,0.050151588351869426,0.026748500292519278,-2.375259838730166,0.4660606967348848,False,True
08267500,0.015538872568228003,-0.042189247480076464,0.48967058328895446,0.0002516434312863359,0.015863273031954533,0.010417656566688471,0.042270104218493976,0.39375086195716813,False,True
08380500,0.0016336335265879698,-37.295053832909154,0.025448495483737232,0.00010220025039360093,0.010109413949067518,0.009419447059450952,-1066.4633983790266,0.03017137600624194,True,True
09034900,0.018874794432544712,-1.548234166746762,0.28183032827195315,0.0009078284634360767,0.030130191891789816,0.010774626640531587,-0.22919887283387785,0.2876899530498148,False,True
09306242,0.029336874515129573,-0.2006714568628134,0.45440676611744624,0.0010333605384101774,0.032145925689116145,0.025793971751610502,-0.4826267193607716,0.3299394615028483,False,True
09352900,0.032025709000013294,-0.05755768994384436,0.4860131042193487,0.0010846798535406365,0.03293447818837633,0.017031030370671208,0.4662569099334384,0.6339213560102624,False,True
10242000,0.005706232876400874,-1.8500086770994306,0.25973967434104406,9.279939940904394e-05,0.00963324449025581,0.005614256172214972,-1.9384174080142262,0.15522370400641886,True,True
10244950,0.029828864396598924,-0.2917604220301597,0.4363457848330186,0.0011493582401681222,0.03390218636265399,0.02868744416165328,-0.14412597749440992,0.4450427157646139,False,True
10259200,0.0018813203329935174,-57.510214862676285,0.016803837833682257,0.00020708907656673452,0.014390589861667746,0.001107153744631706,-50.39509783458512,0.46668877281625104,True,True
10316500,0.05510638526215448,-0.0533656795686932,0.487005315200383,0.003198769986738869,0.05655766956601792,0.01760447149993757,-0.5572623466351256,0.1596831383661922,False,True
11151300,0.0005806752936372034,-88.37503642376889,0.01106500245610963,3.0135814106263e-05,0.005489609649716726,0.004066615006402612,-609.7745619072441,0.1341976682472229,True,True
11224500,0.02362747823154338,-3.7256189206523267,0.17465360755900058,0.0026381132800621368,0.05136256691465232,0.041316943285802404,-30.316935257724,0.427675061201371,False,True
11274500,0.008167022148338855,-2.2523840304743157,0.23516220379758573,0.00021693483043772014,0.014728707697477065,0.01245424202683384,-10.817685014238993,0.5109921012000869,True,True
12374250,0.009862101953813695,-6.5960657723459795,0.11633228810522313,0.0007388013704683274,0.027180900839897257,0.01145463884408558,-0.9643620015071666,0.22173672514806642,True,True
12447390,0.04367674757767618,-0.5663898787306232,0.38965240951410535,0.002988136620245955,0.05466385112893122,0.03010599600659337,-0.9827866920168264,-0.4562493400868756,False,True
13161500,0.27924024894310306,-0.15038727367816707,0.46503251402224527,0.08970158183449983,0.29950222342162974,0.12858101264601546,0.4399132025374486,0.6711733303162972,False,True
13338500,0.05570266997839132,-0.22407484081493,0.4496251572332822,0.003798044045031979,0.06162827309792137,0.034828343511688606,-2.423851545546622,0.23654977750069048,False,True
