basin,std_obs,NSE,NNSE,MSE,RMSE,MAE,KGE,Pearson-r,low_var_flag,neg_basin_flag
01013500,0.04132177080192115,-0.2720539635742658,0.4401303912812251,0.00217201782228222,0.0466049119973659,0.030396347388162766,-0.1713293463340686,0.4241618544967762,False,True
01030500,0.09578430983909525,-0.18836349375910744,0.45696247577326793,0.01090280012769116,0.10441647440749549,0.04271843591219587,-0.7720558990939137,0.1548491635975744,False,True
01031500,0.027411263083864268,-0.06744595168665146,0.48368858164547707,0.0008020547038847617,0.02832057033120558,0.013707534290728006,-1.892564721305611,0.3541560302113046,False,True
01052500,0.17186189198887541,-0.37497570816103054,0.4210569382094063,0.0406119836411017,0.20152415150820432,0.1501444057232084,0.2896284371377825,0.4765825760575607,False,True
01054200,0.013088851301066766,-0.7123572070232633,0.36868300289159633,0.00029335766059196996,0.017127686959772764,0.010002262167999574,-0.3431254265295993,0.28558177663045414,False,True
01073000,0.1052689163605587,-0.21387829118291402,0.45169601417685995,0.013451646606892513,0.11598123385657058,0.07438518028486851,-0.13824934066522165,0.6715185589464637,False,True
01078000,0.019952798861992072,-0.4228956193320912,0.41272929465928276,0.0005664749261695147,0.0238007337317469,0.017228097164338846,-0.526146843858269,0.4933028330168911,False,True
01169000,0.0026515803079340938,-19.905976023134997,0.04564964368370967,0.00014698736959531955,0.012123834772683086,0.010468020695032613,-205.99540144633343,0.16522447687025593,True,True
01170100,0.005063304182572443,-12.102575146021714,0.0709090353815343,0.00033591136425822064,0.01832788488228308,0.01693291920324399,-1.3739606144089263,0.3060349450535201,True,True
01181000,0.00951785239829472,-3.2882695148725993,0.18909777521505372,0.00038847225243570575,0.0197096994506691,0.016688661884292202,-0.6400211379212097,0.38488106539044725,True,True
01423000,0.01620100882145577,-0.2818951456876637,0.4382322307358446,0.0003364624631266772,0.018342913158129415,0.009913684267736146,-3.6068519215839814,0.237400493906647,False,True
01439500,0.0018973824588729288,-147.23555682001304,0.0067008159537077314,0.0005336569276267708,0.023101015727166,0.02199936134821026,-4.312062520762485,0.23200594893390922,True,True
01487000,0.009598833308328052,-6.124833907715202,0.12307943908249215,0.0006564651029329639,0.025621574950282895,0.01945196310772323,-0.6930294271769963,0.3052941666307462,True,True
01518862,0.02435191432934364,-0.37171260723496724,0.42163624587122217,0.0008134471551922808,0.02852099498952098,0.017533017155914092,-1.885343510351848,0.41506757970065233,False,True
01542810,0.021624731884028428,-0.048605441150217255,0.4881369442417065,0.000490358344308036,0.02214403631472898,0.012682099944839324,-2.0061593070482138,0.5161195917315795,False,True
01545600,0.08049653795873742,-0.09209672539220004,0.4779893720317986,0.007076451095500288,0.08412164463145194,0.06247886573201143,0.14618269587485366,0.6393978926021586,False,True
01547700,0.02244765374979931,-0.5662902905177092,0.3896675304796737,0.0007892492273589173,0.02809357982455987,0.012694191367234108,0.25087569860218106,0.3281753072693198,False,True
01552500,0.02242968294482571,-0.6104012050732921,0.3830828755581742,0.0008101778325106429,0.028463622968811313,0.01977171552951739,-0.4324064321608123,0.32160794587983726,False,True
01567500,0.023532144008346745,-0.4466617247481157,0.4087201716056396,0.0008011060030450569,0.028303816050933076,0.020584192916319834,-0.802990736680687,0.5271184829979462,False,True
01632000,0.08353319768703456,-0.04822739117457053,0.4882270417380478,0.007314315970407911,0.08552377429936024,0.023461536917595793,-0.6255393994635328,0.2179921897069733,False,True
01664000,0.007342807639063833,-5.634700606984727,0.1309809056670977,0.00035772198508067336,0.018913539729005602,0.017034296703296207,-0.8520773557495394,0.2689716741011456,True,True
01667500,0.04355666449809391,-0.6511042867380894,0.3772013062641142,0.003132447020680342,0.05596826797999329,0.04090847173633241,-0.1627913285089193,0.3526500236891097,False,True
02014000,0.013925293249513408,-4.356037128339619,0.15733073608731876,0.0010386094701040876,0.03222746453111209,0.02216678876056005,-0.49616476922819985,0.28160108964138697,False,True
02015700,0.01391182393736935,-0.4564508956776827,0.40709138609673745,0.0002818798245337057,0.016789277070014232,0.013509318186341506,-0.7248532737071738,0.6879678620511364,False,True
02018000,0.004560271866803382,-2.3025682631652202,0.23241932232920381,6.86804721521814e-05,0.008287368228344956,0.0073352717999092204,-8.012166201290968,0.3889810224120139,True,True
02046000,0.008536307782515554,-2.550510813145018,0.21975554856639595,0.0002587205766937998,0.01608479333699379,0.007835728578574936,-0.14793145723823975,0.2572785853837563,True,True
02055100,0.005480054574838702,-3.715010735763819,0.17497779903406405,0.0001415964786509412,0.011899431862527773,0.008921060046088364,-33.72337785591011,0.30317650161544735,True,True
02081500,0.008111918633970516,-1.1359618890986973,0.3188814262941852,0.00014055317848182933,0.011855512577777028,0.00948749878194538,-13.565028625450315,0.3569915733300649,True,True
02137727,0.05331949034234911,-1.1377465037914796,0.318700060311327,0.006077545010064773,0.07795861087823958,0.04710735690870923,0.03594668664720879,0.23414869914851116,False,True
02245500,0.39625628364799187,-0.0005598019293842071,0.4998600886789677,0.15710694189336452,0.39636718064613335,0.05507567267655358,-0.5226329522217161,0.1691619683898453,False,True
02297155,0.014230910612605528,-17.611537224011673,0.05099039349019695,0.0037691864986265557,0.06139370080575495,0.010460438125734807,-3.516311410160351,0.8599399299808262,False,True
02310947,0.14940968571310193,-0.1364315147382409,0.4680702344547289,0.025368849567218927,0.15927601692413998,0.09513865351228333,-0.24774642603623476,0.707342038401529,False,True
02374500,0.021359643995846896,-0.4636851081863025,0.4058960281398026,0.0006677834848702706,0.02584150701623786,0.016088542579488416,0.025041275806332974,0.3917445817857551,False,True
02384540,0.0052396863057972455,-8.281684518851517,0.09726032715422218,0.00025482226807881905,0.01596315345033114,0.0112627633314037,-23.557097007971826,0.2414199343713298,True,True
02408540,0.027977677018376376,-0.08750309030209369,0.4790412070026132,0.0008512434912724719,0.029176077379806764,0.0118421138785362,-1.045692565903063,0.2607651672532391,False,True
03015500,0.015067431525046112,-1.761897650572823,0.2658232873102569,0.0006270266988746776,0.025040501170597158,0.01573833486105442,-19.670561779690527,0.1479398936830759,False,True
03028000,0.009337181636086031,-0.4997365300933394,0.400042159628183,0.00013075147127132123,0.011434660960051296,0.007618994573177321,-0.07639951008339496,0.24517136750371335,True,True
03049800,0.06961348684570445,-0.08886107258892828,0.4787297791712892,0.0052766616453888944,0.07264063356957244,0.0353100961944283,-0.2571828395813587,0.45779472667758897,False,True
03050000,0.01107677356495119,-0.26231127845393143,0.4420258209044523,0.00015487917199551456,0.012445046082498632,0.0070032465768384905,-3.0506048805918278,0.2129615094293436,False,True
03069500,0.030812482450720064,-0.044669816866572454,0.48907652069344176,0.000991819004277635,0.03149315805500673,0.006761718688799535,-0.5366006439309774,0.04579211344165038,False,True
03170000,0.017013292733007612,-0.9707163072921854,0.3366191505884661,0.0005704280320206335,0.023883635234625267,0.016820868871890538,-0.011708041350693366,0.20786523265189188,False,True
03180500,0.0032521190771249583,-22.94729138935021,0.04008451195735388,0.0002532732228580541,0.015914560089994763,0.01441746696695658,-1.5654423862155165,0.20164200083966138,True,True
03241500,0.004847912939868516,-9.279561975240087,0.0886559249548088,0.00024159293691802033,0.0155432601766174,0.012025775057296439,-1.3195945304145162,0.19685310886130206,True,True
03479000,1.5847488767861495,-0.3768268057226498,0.4207290146645583,3.457802771276823,1.8595168112380223,0.6088436922765482,0.31508616100668463,0.6656030945626553,False,True
03498500,0.02087698940814516,-0.22039535182372383,0.4503702456315489,0.0005319077114054956,0.023063124493561047,0.01620147721722998,-0.6336266007158795,0.6095273632624384,False,True
03500000,0.029613435004217106,-1.0329414239608559,0.32971292887485265,0.0017827992294970846,0.04222320723840249,0.03110445901685498,0.1701882566666323,0.441376349632985,False,True
04063700,0.07924332526721069,-0.5106082510722652,0.39830985163571664,0.00948587146050736,0.09739543860216124,0.07386914731734179,0.0823053178522758,0.3163726782929192,False,True
04122200,0.33454680272030446,-0.7387871317545955,0.36512512725271684,0.1946077738760644,0.4411437111373848,0.3453402242562346,0.04042358876006091,0.6595006421447537,False,True
04122500,0.2574592928462111,-0.43055450616159385,0.41142874906320476,0.0948247166865324,0.3079362217838824,0.19136568210127766,-0.15356540905071903,0.20692506038441086,False,True
04124000,0.1430013495425019,-0.5282511201453575,0.39553033004985144,0.031251797016430063,0.17678177795358338,0.14671382256743495,0.35210921929601857,0.6589464589526081,False,True
04127997,0.03430037028214198,-0.9795583946055972,0.3356202052661464,0.002328980939406359,0.04825951656830349,0.03711293016385373,-0.154996907498411,0.3613721255914368,False,True
04296000,0.008710664628812084,-4.03149518642323,0.16579636874302398,0.0003817681100104701,0.019538887123131402,0.017611916047118745,-2.9987191173322727,0.24252863963641882,True,True
05056000,0.036489028348738614,-0.278714230723607,0.4388439702166819,0.0017025430265274956,0.04126188345831411,0.02326327605245323,-1.4121401978868486,0.38307692064832816,False,True
05057000,0.0968744926347428,-0.07682998306493927,0.48150306387825853,0.010105691154753368,0.10052706677683065,0.033682246707399166,-1.2190208763188846,0.27981163101883405,False,True
05057200,1.006933353350788,-0.09081912288030525,0.4782814491491753,1.1059976289117999,1.051664218708519,0.4601920484634374,-0.37324061825372246,0.46442923013002974,False,True
05062500,0.015215326259359625,-0.39421010080960106,0.41767428834330395,0.0003227682171613999,0.017965751227304688,0.011904260654608576,-6.416043944367475,0.39583443813415453,False,True
05087500,0.04457621794320699,-0.17462196707389266,0.45985004066962987,0.0023340199009459603,0.04831169528122523,0.022235473748897717,-0.8396630248086694,0.2217409934117715,False,True
05120500,0.26289586217835875,-0.14281761944229499,0.4666752741468811,0.07898496477001829,0.28104263870455365,0.11462166259763823,-0.4922523187093335,0.16193336838004382,False,True
05129115,0.0034637323413055656,-11.93096917776096,0.07178251471522701,0.00015513854925114059,0.012455462626941666,0.006694332875868663,-122.35387784751757,0.026493335458079702,True,True
05131500,0.0007706581256281967,-4.842147956031129,0.14615293419934494,3.4697331491686738e-06,0.0018627219731266052,0.001433648683610359,-25.924431233328065,0.08670479594779436,True,True
05362000,0.00663260774782939,-6.215856644497842,0.12171585304737514,0.0003174362532103638,0.01781674081335764,0.01655265891628027,-0.6745786642130105,0.246421053812641,True,True
05393500,0.17966589528992288,-0.016850543057339795,0.49582256029943694,0.03282376666185633,0.18117330559951797,0.09199797071412184,0.007573553626836205,0.3829411526842749,False,True
05408000,0.006582633457557831,-14.613581120577003,0.06019171861516569,0.0006765530708848777,0.02601063380398251,0.018534122798125576,-1.408592188821987,0.020877880640058733,True,True
05412500,0.06062150833031235,-0.011995730039296104,0.497018947441041,0.003719051187543196,0.060984024035342206,0.015338373193524608,-0.43642331327595985,0.16703942676117006,False,True
05454000,0.016806109728452312,-1.075211256118461,0.3251809117212332,0.0005861337160277864,0.024210198595380965,0.015743965288376106,0.06899921706172751,0.5901687640902484,False,True
05514500,0.005450881760123386,-4.002081395182844,0.16660887018336354,0.00014862240246094071,0.012191078806280465,0.011108014417061248,-20.77813218809576,0.46986168281264606,True,True
05584500,0.023558338248143833,-0.17169248828219752,0.46047034992094904,0.0006502838252299702,0.025500663231178326,0.013874289851294913,-2.8179329070310883,0.4465971723833214,False,True
05591550,0.00293530605401171,-11.23521637365739,0.07555599937076526,0.00010541888893194461,0.010267370107868158,0.009432807454054387,-171.73666902237468,0.2388699882236651,True,True
06191500,0.000325354186474231,-366.25865637979336,0.002715482671420703,3.8876292383613176e-05,0.006235085595532204,0.005862348144769607,-1239.5043172259184,0.026649505974960134,True,True
06289000,0.022470637091942424,-0.08954860529327102,0.47857226075851367,0.0005501452666186709,0.023455175689358433,0.008077077382659007,-0.3173782616645908,-0.030379450943763393,False,True
06332515,0.008168733834547666,-1.1668634552767303,0.3157698505547398,0.00014459092501483025,0.012024596667449193,0.008903718359255226,-50.51910848015834,0.15094479762931542,True,True
06339100,0.011747594529891714,-1.3486329219362085,0.2986293282399527,0.0003241253815668878,0.018003482484421945,0.013202114912768905,-14.054715998385866,-0.007729407926049711,False,True
06339500,0.02845275197713348,-0.24225552307292775,0.44597950131461256,0.001005679257107453,0.031712446406851884,0.013248631534071244,-4.145364625680515,0.1122114352248941,False,True
06344600,0.03508623168956276,-0.15709990297119103,0.46358539009834426,0.001424440492797663,0.037741760594832655,0.015392645432329563,-3.494417800516125,0.1455125426610584,False,True
06350000,0.04317984344275483,-0.11097819559082156,0.4737140355540809,0.0020714176010955617,0.04551282897267057,0.015158613370676354,-26.482643958469335,0.10744853353127994,False,True
06352000,0.0014330286625358576,-102.79014227622362,0.009542882357808338,0.00021314044158886954,0.01459933017603443,0.014202311667378465,-676.2182508460672,-0.002679183118501615,True,True
06353000,0.03370200555620915,-0.30746274155120124,0.4333764450418584,0.0014850491018185508,0.03853633482596069,0.01653667449454078,-7.414208168044452,0.07286300000386688,False,True
06404000,0.021240822148186105,-0.031201586996890684,0.4923194262950972,0.00046524982433683175,0.021569650538124898,0.0074910992072327685,-6.392810347040553,0.2911982423125655,False,True
06440200,0.023111161926122985,-0.5622894684906599,0.3902759669808342,0.0008344591208996572,0.028887006090968604,0.01779021607973565,-18.75776056711178,0.1818775020295098,False,True
06453600,0.011851223967917508,-7.565873388319169,0.10453828515241421,0.0012030898478986036,0.034685585592557085,0.03263428500446914,-1.3353282797031172,0.31510040156062963,False,True
06468170,0.03230398481580483,-0.37378128136543554,0.42126880342774653,0.0014336059323920927,0.037862988952169274,0.022189558280502286,-1.4297222580779039,0.3276827114360419,False,True
06470800,0.3931551911535894,-0.12222306501720603,0.47120400135312474,0.17346314624313994,0.4164890709768264,0.17145840773552634,-0.41457083766151825,0.43864656659127604,False,True
06477500,1.383454986818161,-0.01725522306136118,0.49572309372059165,1.9469732950528424,1.3953398493029727,0.4201118442865129,-0.35887757394435305,0.4791391484517307,False,True
06479215,0.12103973715589342,-0.14547693270095063,0.46609683131903706,0.01678194493532849,0.12954514632099687,0.06213097843631096,-0.38158602302157774,0.24780029414736063,False,True
06479438,0.0010735998247546708,-165.61540402719095,0.005966038776709197,0.00019204367778382533,0.013857982457191427,0.013519330939061014,-113.02738766033488,0.11345654398067921,True,True
06803530,0.05362366069253585,-0.0073043115081634635,0.49818056697574775,0.0028965005117952427,0.05381914633097819,0.01916316394146327,-1.587112942497992,0.4757043000608133,False,True
06853800,0.0738870196708366,-0.1219761029825217,0.47125884150837527,0.006125194799502307,0.07826362373096653,0.024759949133254477,-4.120096876385314,0.023511031427803062,False,True
06876700,0.023911426869473396,-0.1167658783786949,0.47241880182135915,0.0006385179656013463,0.025268913027697616,0.012629301821949396,-17.157511724095627,0.41535429788055217,False,True
06910800,0.0017847895382544212,-70.77462279675292,0.013741053702096526,0.0002286361729495044,0.015120719987801652,0.011587390644586984,-26.955072414003997,0.10407585921458526,True,True
07148400,0.03794935888134263,-0.034074316131229576,0.4916241221225294,0.0014892260967098343,0.03859049230976244,0.015596129226747786,-9.298662036833784,0.33330830594398786,False,True
07149000,0.0049987210361967975,-13.155095933234733,0.06598440580023159,0.0003536963829317493,0.018806817458883077,0.01753270486600457,-2.5746129196272336,0.12053842198327344,True,True
07151500,0.0013089821971555957,-114.28381126205613,0.00859964933335741,0.00019753124711146077,0.0140545810009214,0.012226759344949538,-171.79496360823586,0.24090435795901408,True,True
07195800,0.12654386498912076,-0.057360354810737535,0.4860597209728934,0.0169318811906931,0.13012256218924179,0.06783096960840171,-0.10049108476199753,0.41530771657814086,False,True
07196900,0.004884281571056112,-10.319136131293245,0.08117452306252106,0.00027003164855762937,0.01643263973187599,0.01200400442043055,-4.107095971138185,0.46716250435463885,True,True
07208500,0.16763032898196858,-0.253166137842995,0.44381991332309023,0.03521387723613001,0.18765360970716766,0.08671184533084157,-1.122098010662027,0.08141790226668925,False,True
07226500,0.012126559206659587,-1.4582234146443098,0.28916581727061536,0.00036149020496904923,0.019012895754435967,0.014590798128869095,-62.74130217159669,0.007537957131216701,False,True
07261000,0.01875087610300452,-2.0574757871728204,0.24645864878882812,0.001074994283664357,0.03278710544809281,0.017644390601694877,-0.07990091450449244,0.40044165349524274,False,True
07301410,0.07758844353252624,-0.21773432881184207,0.4509106374954087,0.007330719950345145,0.08561962362884543,0.04671855588986135,-1.657414632624493,0.47001506673336146,False,True
07375000,0.005647790971578045,-6.776891132747311,0.11393555928578364,0.0002480637182137729,0.015750038673405627,0.010603981229952607,-2.242869777884177,0.29355459088364755,True,True
08070000,0.012178191964290146,-17.623795426122896,0.050958541825645784,0.002762064547667625,0.05255534746976396,0.01257961609997661,-3.0950000169251153,0.7569898830803446,False,True
08079600,0.012174718157285866,-0.21276508527241322,0.4519232550512203,0.00017976060361521556,0.013407483120079456,0.006682979363869465,-15.670152700592325,0.3078287209413785,False,True
08086212,0.18098100122785224,-0.021713199194114408,0.4946300001397899,0.03346531959833877,0.18293528800736825,0.02055980693495519,-1.512759177166041,-0.0026050070167446602,False,True
08104900,0.02646307341834743,-0.3423052084658247,0.42692984517375737,0.0009400086256027002,0.030659560101258795,0.017568818580202455,-0.5007410429110515,0.28845086519807955,False,True
08190500,0.00832436732498277,-4.7997270834036385,0.1470647259418307,0.0004018926181147178,0.020047259616085132,0.015192729061489338,-70.1075167454183,0.21208673927009425,True,True
08198500,0.01748104406840411,-2.22308498383763,0.23679371924248452,0.0009849325541959886,0.0313836351335531,0.01191154968591384,-22.970219350394128,0.14675824589702374,False,True
08202700,0.04321654025082035,-0.15789252080996552,0.4634151100466532,0.002162560373159273,0.04650333722604511,0.01010611609423286,-9.252904358326864,0.32411959844449745,False,True
08267500,0.2978733539120115,-0.1689396651045667,0.46105477994095745,0.10371830395397462,0.32205326260414535,0.19954764098317354,0.319062198324608,0.3735198850456716,False,True
08269000,0.172410757158467,-0.1579162326523169,0.4634100178999486,0.03441960329130873,0.18552520931482258,0.10236790722465652,-0.17783240228774755,0.4294148306506678,False,True
08324000,1.278679273976617,-0.08796376153790941,0.47893551527131895,1.7788432554036016,1.333732827594643,0.8322929885526762,0.13030628393073485,0.23418162482026877,False,True
08378500,0.03613274680501257,-0.6421905714106526,0.3784738356197013,0.002144003598474695,0.04630338646875296,0.03202439965877016,-0.3377387692292555,0.19790336795063249,False,True
08380500,0.04704811510011655,-0.20155026884692107,0.4542253766132525,0.002659661720426429,0.05157190824883668,0.009769813004380797,-0.6928845133351349,0.02660919978431268,False,True
09035900,0.038112568246691535,-0.006795643873516166,0.4983068420807414,0.0014624389922262419,0.03824184870304052,0.02099476487283319,-0.10025581071822032,0.31368666140570023,False,True
09306242,0.011893638654167038,-0.4763920776143531,0.4038132770006905,0.00020884841604965472,0.014451588703310606,0.009702692231163868,-0.4386104376529132,0.2798710860978152,False,True
09312600,0.0042400078261218815,-7.384560335306524,0.10655800210882627,0.0001507348283301727,0.012277411304105304,0.008790686318797931,-0.9857882865252765,-0.09879719315340989,True,True
09386900,0.029798864968634216,-52.4681198329376,0.018359363294844017,0.04747821220093713,0.21789495680473453,0.15487225162871207,-7.521710565768149,0.4047492730123861,False,True
09404450,0.13153626237364585,-0.34468826058182067,0.4264959298904221,0.02326551163993837,0.15253036300992132,0.09539828591431247,0.18139373674026782,0.20325157104162825,False,True
09430600,0.02487573521049276,-0.10154147557244708,0.47584119163177874,0.0006816362909677684,0.026108165216417803,0.007505418241170772,-4.001012290796031,0.1050944905974782,False,True
09484600,1.604269732218816,-0.146747936450899,0.46582087399289424,2.9513638043879924,1.717953376663055,0.34196719260833397,-0.8028138036959409,0.325491825701103,False,True
09494000,7.267897982188118,-0.07118828209740524,0.48281462802953967,56.58267279730651,7.522145491633787,3.8851112401579426,0.48086081369730604,0.5430774575466132,False,True
09497800,0.008162411337710663,-2.3517566482994305,0.2297922611069665,0.00022331064875471488,0.014943582192858407,0.012557637867810735,-1.97980988281433,0.1953999472076936,True,True
09497980,0.02353851106503892,-0.015568962993925073,0.4961378242868954,0.0005626876661980001,0.023721038472166434,0.01184333064747503,-2.7766539887697084,0.4210117904466696,False,True
09505200,1.0771949243818275,-2.3574634930221876,0.22949130878579874,3.8958290880884245,1.9737854716479257,0.6357673660507108,-3.1354253631830344,0.40408526941093714,False,True
09505350,0.013415798846028103,-0.6803887385836944,0.37308021243530354,0.00030244251317007175,0.01739087442223857,0.010892566776008446,-122.06665078968778,0.039351195333814454,False,True
09505800,4.202699651153139,-1.0219605639622897,0.3309110025872855,35.713251225190696,5.976056494477834,2.3860698633181388,-0.499181357075281,0.5860818240116898,False,True
09510200,0.009762627934799064,-3.079774342185855,0.19685913834701846,0.0003888388219097529,0.019718996473191856,0.01562104423879676,-5.949894436119856,0.14460191248232154,True,True
09513780,0.003867831075389391,-10.212226749975592,0.08188514842323892,0.00016773622656372517,0.01295130211846381,0.012426881824957693,-116.4383369055844,0.29663260376183026,True,True
10023000,0.06548178327270514,-0.12472995597893477,0.4706480450308643,0.004822689021124926,0.06944558316498556,0.040989932320392594,-0.24640882219729088,0.42847844766318777,False,True
10172700,0.002703479464457541,-7.608402754318158,0.1040755706821912,6.291710450776299e-05,0.0079320302891355,0.00663280054433662,-6.7140372019811725,-0.04196084367779862,True,True
10173450,0.016079916704990774,-0.7966302777919418,0.3575731865384588,0.00046454341031733576,0.021553269132949086,0.011355006057115653,-0.17541291721164454,0.043867560565389395,False,True
10244950,0.008468797279544069,-1.0701586855301635,0.32571606305337186,0.00014847287264927497,0.012184944507435189,0.007849930476328443,0.07781472388985489,0.1294876325281113,True,True
10258000,0.06520283671055295,-0.6570348886673745,0.37635937874400516,0.007044734555352123,0.0839329169953727,0.018430508185806205,0.2535086038926122,0.2747479945052662,False,True
10259200,0.3265671101075012,-0.6411839707692084,0.37861807850846674,0.17502583278079933,0.41836088820634193,0.16422453266174059,-12.517028616836745,0.7244195677847246,False,True
10263500,0.1539316577327904,-4.580574024252714,0.1519624270336446,0.13223145178717813,0.363636428025546,0.14528888964852538,-0.9375422478249147,0.34991025686474003,False,True
10310500,0.05749148499008284,-2.027796805133941,0.2482746892110775,0.01000768850872606,0.1000384351573237,0.03879194665901171,-0.15250199130594977,0.531707778246382,False,True
10329500,0.00277131884987051,-6.112090155087972,0.12327279170742345,5.4622332898152776e-05,0.007390692315213289,0.006507789505067364,-44.39279622912087,0.05773351484311188,True,True
10343500,0.044921858464463595,-0.170915860811516,0.4606350794388628,0.0023628770231708643,0.048609433479221545,0.020715245863935864,-0.3943572841941696,0.12549689753927448,False,True
10396000,0.0020482732681615903,-16.013063632174283,0.055515264944372714,7.137700494597678e-05,0.00844849128223358,0.007828421434419119,-16.532383189463662,0.03297425276322432,True,True
11098000,0.0557538940307179,-2.9798614079363586,0.20080880130645995,0.012371386051389896,0.11122673262930048,0.020897627497126307,-0.6717446573787669,0.5413788969174447,False,True
11224500,0.002868354329434327,-14.42856076055351,0.060869604743532514,0.00012693781342819487,0.011266668248785658,0.009924107354329291,-120.2067567811338,0.16304367180954257,True,True
11253310,0.1932919487702599,-5.004318781863215,0.1427690587968914,0.22433202212329784,0.47363701515326884,0.08093673079828947,-4.848096380575307,0.21025854112902867,False,True
11274630,0.0016532050850001287,-68.32516779427783,0.014219660348700473,0.0001894717185504657,0.013764872631102175,0.012846798058099228,-51.16728384708986,0.07306187866140648,True,True
11468500,0.0006869392082782739,-36.30344543407219,0.026107311983753472,1.7602954100247052e-05,0.004195587455916877,0.0035910431780105524,-54.36822144803456,0.29185045963287337,True,True
11473900,0.03762059480055373,-0.09700483844698327,0.4768706212144881,0.0015526009889010551,0.03940305811610382,0.014712161651759337,-0.5375605412690991,0.6493070075803538,False,True
12374250,0.001627710375351848,-2.6056224860328507,0.21712591577634296,9.552884283089598e-06,0.0030907740588871258,0.0022385312325106112,-3.0607453045494992,0.131588186525474,True,True
13011500,0.020634292805782634,-0.5317663884320936,0.39498115014446233,0.0006521863629182286,0.025537939676454492,0.015970530892223247,-0.5127617740737072,0.09831280158952063,False,True
13161500,0.06030572690138705,-0.15891219097804887,0.46319623566856205,0.004214709485788258,0.06492079393991003,0.04429712655459154,0.07925430034872549,0.4700380864129288,False,True
14222500,0.023339379064862317,-0.2572879834010364,0.44300949074885365,0.0006848782274458612,0.02617017820814106,0.020446425465469344,0.36998990084077754,0.6479453046197157,False,True
