basin,std_obs,NSE,NNSE,MSE,RMSE,MAE,KGE,Pearson-r,low_var_flag,neg_basin_flag
01031500,0.005125176129607948,-0.0790115023216047,0.4809978198212531,2.8342859494335577e-05,0.0053238012260353575,0.002452841978157932,-20.88429525253895,0.3700013598944309,True,True
01606500,0.8747329971410437,-0.13895412749497105,0.4675182076817826,0.8714796530455197,0.933530745634829,0.7243991858481091,0.01593266329364129,0.23459591747957423,False,True
01664000,0.000447927509671171,-329.45473984997614,0.003017003167469026,6.630212636695065e-05,0.008142611765702124,0.0036149923360039317,-203.1541996515477,0.17636155890312571,True,True
02013000,0.015245740293315546,-2.7453130258110092,0.21073425389657882,0.0008705328335088477,0.029504793398850426,0.013803591642500617,-0.18830637904521863,0.11091191761009946,False,True
02053200,0.026729268121219302,-0.11780464859661088,0.47218708329054915,0.0007986197501154967,0.028259861112813287,0.010495779600380862,0.3539036421933186,0.44559474447793224,False,True
02221525,0.0017765920308283375,-7.430038672211655,0.10604410382184223,2.66075560872422e-05,0.005158251262515447,0.0012530085764454466,-1.832305224121979,0.2819386410688234,True,True
02315500,0.10024919220991932,-0.04539551056314939,0.48890299936400794,0.010506120904806382,0.10249937026541374,0.061869431497319764,0.19683172268327098,0.32921682830162713,False,True
02363000,0.0010354198566062882,-12.077892769209273,0.07103335821588078,1.4020734025189763e-05,0.003744427062340748,0.0019303591276771674,-13.766043022768358,0.2971514829225967,True,True
03170000,0.029910903784866535,-2.422049856844375,0.2261394675259522,0.0030615785344409933,0.05533153291244508,0.035675585087401374,-0.19546846185283573,0.16605784991530181,False,True
03213700,0.0029426382982531427,-38.533701380558604,0.024670828617680482,0.0003423270704002973,0.018502082866539576,0.008112523724184952,-8.314707353385197,0.16707348057944232,True,True
03281500,0.04013854989664598,-0.005880474416873227,0.4985341912212933,0.0016205772388843728,0.04025639376402676,0.006205381921198581,-4.361227512659921,0.2657487636702997,False,True
03473000,0.017274280315235868,-0.9871409292690247,0.33476826961917305,0.0005929643643344104,0.024350859622083373,0.015219414025900133,0.04346643268371053,0.32429577755309213,False,True
04074950,0.011668923936295423,-0.4095850115124011,0.4150092215971827,0.00019193443161823027,0.013854040263339437,0.008602778367350615,-0.48874282730626306,0.08628968752412887,False,True
04122200,0.07076805946195737,-0.540438196979129,0.3936328784495187,0.0077146966319010385,0.08783334578564703,0.06206812001502635,-0.027962745742232453,0.2802140902649151,False,True
04124000,0.0194682436003674,-1.3248518357487802,0.30076528200384994,0.0008811479270489658,0.02968413594917268,0.019946825612653877,0.0831250978025121,0.14434842377296803,False,True
05123400,0.003956160314567053,-57.00135195782537,0.016948764169248322,0.0009077910169725181,0.030129570474411317,0.019277654584338957,-4.7008468106349275,0.0009554470723372911,True,True
05362000,0.004842352079379674,-0.5096745349455596,0.39845804150126274,3.5399412601405696e-05,0.00594974054908327,0.0054410635462247125,-0.22032784478155465,0.039971827078219786,True,True
05408000,0.0110006302814085,-0.30330923095245077,0.4341579439537461,0.0001577184893977037,0.012558602207160784,0.007190216369663427,-0.0038100393140736433,0.3071312459098938,False,True
05489000,0.08243663887548021,-0.04631824348303093,0.4886825415278044,0.007110568921704597,0.08432418942216163,0.021134062377206355,-0.544870864452222,0.2709873898382763,False,True
06043500,0.026242973595781736,-0.5814999031378043,0.38737169766479684,0.0010891689615616007,0.03300255992436951,0.020170792869316716,-0.08360719703646602,0.3690227642119139,False,True
06468170,0.4126557483981001,-0.10848761192561662,0.4742735951323569,0.1887585543710706,0.434463524787836,0.14220072438948658,-0.6322702447798279,0.01894830905075914,False,True
06468250,1.0783492186793802,-0.09513858380522433,0.4772953959846341,1.273467706363443,1.1284802640557978,0.353194262663469,-0.558702309064868,0.23422320283880282,False,True
06784000,0.0006077441105162327,-272.6606269076246,0.0036408567593356786,0.00010107734722244048,0.010053723052801906,0.0038870743181918604,-191.9529708670776,0.3384731372781762,True,True
06853800,0.0033983388299663395,-0.22064702939510816,0.45031920281018023,1.4096894652750719e-05,0.0037545831529945794,0.0015179087384342993,-13.669807075983126,0.3502048951664288,True,True
07142300,0.0004828845398967995,-1144.2466040383397,0.000872412617386958,0.00026704571581562817,0.016341533459734683,0.0050126948015319665,-34.67236961063549,0.01884188345628819,True,True
07148400,0.015281183578989383,-0.03459058321352759,0.49149937498509066,0.00024159197679440327,0.015543229291057996,0.001123022097402937,-0.22317334843293546,0.046194732569904674,False,True
07197000,0.00491094531389612,-2.7104326605022266,0.21229472366416974,8.948592881967056e-05,0.009459700249990512,0.002922153275175187,-0.29440748771192693,0.4056841648692644,True,True
07226500,0.3647010875940855,-0.0004573705421122565,0.4998856835069701,0.13306771672262485,0.3647844798269587,0.00880341742703279,-0.4229851899148598,-0.00017316766334416053,False,True
07291000,0.0024754375445908074,-21.19353971215951,0.04311545423468662,0.00013599737373124228,0.011661791188802957,0.004997257108307146,-6.502080431072218,0.023731388507761242,True,True
08178880,0.09875140890004304,-0.051830429289994484,0.4873697093702013,0.010257282852688671,0.10127824471567756,0.028282873375717426,-0.3335529099811996,0.09146081149368582,False,True
08189500,0.0031399179259871015,-6.225394858445775,0.1215747106624562,7.123577904729617e-05,0.008440129089492421,0.0028258479350463063,-144.9152250116375,0.07258044160241314,True,True
08324000,0.0555284232498023,-0.2690602682789067,0.4407110793749453,0.003913027777305105,0.06255419871843221,0.03803767834014233,0.12204092176791015,0.37204367153495155,False,True
09430500,0.015513225953682144,-2.49394008307579,0.2225218809138126,0.0008408522475203158,0.028997452431555357,0.018016194907729075,-17.85799022773026,0.07820042890763754,False,True
09494000,3.9729518840224443,-3.980861302335036,0.16719999836973012,78.61964152497855,8.866771764570155,4.348973193502742,-0.7894114729276343,0.5256819086602829,False,True
09497800,7.268236283035849,-4.30901059780615,0.1585034585847316,280.4604761110466,16.74695423386135,9.564047079450813,-1.0593237470620402,0.4637817716999589,False,True
09497980,0.08692093017694412,-0.598457805274992,0.38484365532892345,0.012076745300750008,0.10989424598562933,0.03612826548841551,0.020358429919752674,0.36519604199232775,False,True
09510200,0.02117185097523675,-0.38772835217782675,0.4188081106830719,0.0006220454505243746,0.024940839010032814,0.013543993195947256,-1.045744036799435,0.28887519255579835,False,True
10396000,0.010070015194878202,-1.1793943121252926,0.3145253157767467,0.00022100192923094815,0.014866133634235505,0.011442514704887463,-0.31165650209964535,0.4913148016434048,False,True
11151300,0.000602615334966783,-19.321889528905903,0.04690015857385944,7.379797489594122e-06,0.002716578268630249,0.000784885092038561,-10.324151109047024,0.2214950892760959,True,True
12488500,0.009218741663885319,-0.14989579149660393,0.4651388239166101,9.772412136499293e-05,0.009885551141185448,0.0055110410917992075,-0.12858883080580386,0.2686635796522742,True,True
13338500,0.012576514892785561,-0.042496247131560416,0.4895969828117821,0.00016489030415309334,0.01284096196369623,0.009303664530762267,-0.1880159482695447,0.27133775636315427,False,True
