basin,std_obs,NSE,NNSE,MSE,RMSE,MAE,KGE,Pearson-r,low_var_flag,neg_basin_flag
01022500,0.02600050632670818,-0.6000716383068798,0.38460478752469374,0.001081690556173941,0.032889064385809776,0.020101818073796268,-1.1195125700404263,0.11628892742138881,False,True
01052500,0.005529097159749083,-17.873043348208384,0.05031941924940012,0.0005769662115753263,0.024020120973369936,0.023049996219670552,-0.3926231082882454,0.045793691529822884,True,True
01137500,0.004347148202928372,-19.84321380635783,0.04578080903593652,0.00039388874940334337,0.019846630681386285,0.017075743534958297,-1.7039077206202609,-0.03648796315347051,True,True
01142500,0.00951460930534526,-4.369870310270317,0.15698906748347333,0.000486122493028513,0.02204818570831879,0.011663135412930197,-0.6175274215491939,0.1656212549872676,True,True
01162500,0.004935320105368157,-7.392543476624725,0.10646743371363737,0.0002044204087493884,0.014297566532434405,0.007724842352364964,-0.9851192519126533,-0.018472196585372334,True,True
01170100,0.08531766662936296,-0.05569463730756663,0.48645357236021386,0.007684511309598597,0.08766134444325274,0.037937384858944594,-0.3190628497989374,0.5530218728414658,False,True
01411300,0.06382435487712955,-0.6090730275916001,0.383277888132969,0.006554636656669994,0.08096071057414204,0.05745142781978353,-0.08224036412531932,0.34853335816343806,False,True
01423000,0.009235017092979738,-0.5009549831333935,0.3998472610439078,0.00012800975731434004,0.011314139707213273,0.007803364442542471,-1.205854797420487,-0.3514660909721105,True,True
01487000,0.007744244094171833,-6.462881076644269,0.11816306892930173,0.0004475737294839673,0.02115593839762177,0.011403103871428783,-0.7404457609557087,0.21669973151601632,True,True
01543500,0.005835246912906666,-1.098584611317996,0.3227279953393449,7.145702958722215e-05,0.008453225986995862,0.005739997484999645,-21.745192663721706,-0.04554879913821905,True,True
01583500,0.005032018301648334,-1.1752094837824547,0.31493985045948975,5.507893219163681e-05,0.00742151818643846,0.005668193202257421,-1.3111381447106556,-0.1305274001025324,True,True
01605500,0.23289956499578376,-0.19230789619750355,0.45614030845506326,0.0646734121606636,0.25430967767795154,0.18336664101712313,0.2774820538231547,0.329538356447405,False,True
01634500,0.013915457978299782,-0.04928060660973377,0.4879761203881049,0.00020318266596807254,0.014254215726165805,0.008838576994436896,0.08129149782983691,0.22623036450439604,False,True
01667500,0.04674249160152873,-2.048679956785138,0.24699408465816394,0.006660940479106578,0.08161458496559655,0.03005310197579489,-0.05081268905797143,0.1318537149804198,False,True
02014000,0.0033015033658087356,-8.23694544465924,0.09768538920188485,0.00010068200772136753,0.010034042441676612,0.007076909814630911,-35.90590685306727,0.26650661053752794,True,True
02015700,0.010836732323736569,-6.914074349559042,0.1121821471064427,0.0009293874808724691,0.030485857063111563,0.025553061280282407,-148.8230855598625,0.05154212432559272,False,True
02027500,0.043151120992082605,-0.3087254507022301,0.4331394188494073,0.0024368719728456527,0.04936468345736304,0.03209703647091515,-0.13441387527915571,0.4997259139896063,False,True
02028500,0.005034801536083896,-1.0209795409579185,0.3310184615427456,5.1230268151276475e-05,0.007157532266869391,0.005278183885670156,0.009297435845415203,0.11830033617035958,True,True
02059500,0.010334404734513832,-0.33999739580771027,0.4273509029503959,0.00014311161630290277,0.011962926744860674,0.007241090294095045,-0.3049419484387992,-0.04483943673148251,False,True
02070000,0.0049530832015809365,-4.137156886848771,0.16294189939039788,0.00012603004046783043,0.011226310189364555,0.005657190749708612,-0.49065333385641874,0.054791740195880366,True,True
02082950,0.003727685067306706,-11.444559497523583,0.0743795287740141,0.00017292506847285913,0.013150097660202342,0.008587478043536859,-6.090474388403738,0.3885239901940533,True,True
02137727,0.0045840264618829335,-7.35509629802578,0.10689360837590005,0.00017556813336926563,0.013250212578267024,0.006493446551868416,-1.0105794137976472,0.14077852184278294,True,True
02196000,0.009450526189242596,-6.668757242325286,0.11535678898902496,0.0006849154613680204,0.026170889579225625,0.015610168703015851,-10.543749530237651,0.5258895004148011,True,True
02198100,0.028943994651848635,-0.05195682460995177,0.48733968863603455,0.000881281906987972,0.02968639262335476,0.007448109770419575,-0.10101851137976126,0.21040354313827422,False,True
02215100,0.00012339559492717227,-1448.1130425984725,0.000689601410803181,2.206488039598345e-05,0.004697326941568305,0.0025139191596555543,-1355.1127410082377,0.35154390186699463,True,True
02349900,0.004207755264199937,-9.576709489697667,0.08638033120636904,0.0001872628030074334,0.013684399987117938,0.006799854536578969,-56.77218778532184,0.05582976295737739,True,True
02363000,0.0752364424078733,-0.9757230928263005,0.33605277399995365,0.01118362455877544,0.10575265745490957,0.03153995015183432,0.12301736478367398,0.2848695477032487,False,True
02408540,0.011375727682925522,-2.354657195726229,0.22963920121690068,0.000434116728625973,0.020835468044322233,0.006192083802809155,-0.14605796787192626,0.3653131059924807,False,True
02430085,0.01200434890722849,-0.21858865757517765,0.45073700191587435,0.00017560397843450129,0.013251565131504326,0.004614230310401166,-0.1533635006833738,0.013776592560439189,False,True
02469800,0.05465657686911783,-0.1308833343232907,0.46928894880937827,0.003378334597595893,0.058123442754158094,0.025944321790066678,-0.32076005268400665,0.2393359961244658,False,True
02472000,0.04204006020466436,-0.04624398195095347,0.4887002766144087,0.0018490967340305947,0.04300112479959791,0.008994320762691802,-0.8906573852210755,0.03044445532273684,False,True
02481000,0.0015017901608579578,-60.186347963029796,0.0160806999085154,0.00013799807921472602,0.011747258370135818,0.002851707882672385,-10.824169930595135,0.32754662411562174,True,True
03011800,0.012316237190707553,-0.0056385605361950475,0.49859432286376476,0.00015254501008569023,0.012350911305879021,0.004972970744719691,0.24986092773467483,0.34889874599410053,False,True
03028000,0.0009403486561162638,-47.417828283036684,0.020235612019868204,4.2813735559913195e-05,0.0065432205801052735,0.005786872943894826,-362.8819881077359,-0.045790619636157194,True,True
03049800,0.017935945359988974,-0.03867998198283029,0.49051347383486593,0.00033414141405921794,0.018279535389588486,0.007493106805283978,-0.2070769218673736,0.42231780299924193,False,True
03076600,0.006280899892828957,-0.7625456383419043,0.36198496999318563,6.953190277389433e-05,0.008338579181964656,0.005117530395658896,-0.1652959698065377,0.05149973896200774,True,True
03165000,0.03060735015806158,-0.4555603114527622,0.40723903026775116,0.0013635832860877666,0.03692672861340098,0.020781646220749916,0.38085953402957884,0.5186726676620387,False,True
03456500,0.1204945083432878,-0.5744515969648507,0.38843223977446295,0.022859347078520647,0.15119307880495272,0.08023968341588028,0.3427653742696781,0.5337457734455844,False,True
03471500,0.0102354421379509,-0.2683112193711841,0.4408566123819718,0.00013287370633486862,0.011527085769389791,0.005482342931288707,0.029411828122315797,0.10772605814795677,False,True
03488000,0.006528221393032137,-2.4262826768744237,0.225923212095017,0.00014602020006141068,0.012083881829172721,0.008972300050630851,-0.254933811294499,0.2547809181416881,True,True
03504000,0.018993462662088234,-4.113236667139199,0.1635794677106732,0.0018446084310357515,0.04294890488750268,0.02466077207528678,-0.5911079998406161,0.48985832687936276,False,True
04024430,0.05732398594465849,-0.139545105136186,0.4673890714429917,0.0037445900731958416,0.06119305575958633,0.02183876917847294,-0.6833425647838542,-0.18604126887854303,False,True
04040500,0.6251448908404492,-0.2476880929698786,0.44490158715869527,0.4876041607300298,0.6982865892526003,0.4393074732630132,0.0372833769298927,0.5732327084130543,False,True
04057510,0.22833735293072577,-0.0032705488417532624,0.4991836976678852,0.05230846644474388,0.2287104423605181,0.1255564556615114,-0.00860899326910669,0.6384368392710847,False,True
04063700,0.03278070714813664,-0.478615277121047,0.403451075780311,0.0015888826582183223,0.039860790988367534,0.027196304616803516,-0.0033218722812646817,0.2768298444463293,False,True
04122200,4.186635038296576,-0.1167769526567175,0.47241633028218827,19.574769203912577,4.424338278648297,3.1502695355621637,0.21144408304440987,0.6037808887131361,False,True
04122500,2.9709505381433634,-0.16680369521215455,0.46150927387175644,10.298847772354204,3.209181791727325,2.2390988503357288,0.2102076726396941,0.5344789325295792,False,True
04124000,0.023239132849167267,-0.12976594589410073,0.4695351627383582,0.0006101383413793553,0.024700978551048445,0.0070354266226648945,-0.030853509804640744,0.1409141707820384,False,True
04127997,0.6196182124545031,-0.12590291776249063,0.47038836611245555,0.43226422461927233,0.6574680407588436,0.4387814964247629,0.1359847242322203,0.4698500917843059,False,True
05123400,0.09672592068079616,-0.7859778114476923,0.35894040357786083,0.016709436470584805,0.12926498547783466,0.08667503495195554,0.10898541696386654,0.22722312282637824,False,True
05362000,0.1562467314617455,-0.23079340987081243,0.4482710033009785,0.030047410091528264,0.17334188787344004,0.10953786360001602,0.09936669115570251,0.4214573492482914,False,True
05393500,0.259585298608217,-0.11848761766239546,0.4720348571607092,0.0753687593550932,0.27453371260210135,0.21290649565303915,0.39162332181932347,0.5407959453690042,False,True
05399500,0.025326440397800878,-0.12543822079347278,0.4704912098676188,0.0007218882434689767,0.026867978030900963,0.013387691565719138,-0.8105444417477587,0.03769759627207445,False,True
05458000,0.027799654702567202,-0.634414881230952,0.3795909319843888,0.0012631098186303993,0.03554025631070208,0.01261550671371719,-2.9192914843223603,0.1460770723166276,False,True
05489000,0.048107126307205816,-0.02191108597811997,0.4945815901277577,0.0023650043314415257,0.048631310196636954,0.008507940922090713,-2.764888901711424,0.26603156870505384,False,True
05495000,0.019145172071354247,-0.7919688484192327,0.35817018537516415,0.0006568239854199631,0.02562857751456298,0.008173723217485346,0.28812969181250936,0.38545747565771665,False,True
06188000,0.005906711253480987,-1.134450095020834,0.3190352277704243,7.446933700571459e-05,0.008629561808441643,0.006048911516501377,-0.42251753068466913,-0.28094956289121154,True,True
06191500,0.023275317453932753,-0.8862271136547646,0.3464730808150861,0.0010218454359111838,0.031966317209074675,0.02119429449089469,-0.4365197602813209,-0.23741686305688708,False,True
06339500,0.6078802881940839,-0.04036605192711851,0.49010813479057036,0.3844344455047351,0.6200277780105784,0.12426214278567604,-0.7250207470965615,0.009987440440125424,False,True
06350000,0.0026210462035375836,-2.5143579862709786,0.2215154409644052,2.4143228892460045e-05,0.004913575978089689,0.0030759586322465886,-5.636323243754984,0.03113524888706411,True,True
06352000,0.000952774531365796,-27.05075839458415,0.03442250926524614,2.546389803363221e-05,0.005046176575748435,0.0025069729204892943,-16.285968476197947,-0.029670780154361018,True,True
06404000,0.00016282937064242124,-330.2931358290758,0.0030093910832824956,8.783708734046804e-06,0.0029637322304902655,0.002401384587058354,-1941.1441637446576,0.002184923995483774,True,True
06409000,0.02675544680009242,-0.19108088900015674,0.45639574742323835,0.0008526399394747746,0.029199998963609138,0.015885028308502077,-0.2145345907248204,0.12197673871348942,False,True
06464500,0.5662906216783502,-0.2300834780918133,0.44841370730016666,0.3944694040646148,0.6280679931859406,0.32527364895587346,-0.3442615172182404,0.4826037302864606,False,True
06468170,0.015636148574568593,-0.31905664821149227,0.43120982006680264,0.0003224950284950897,0.017958146577391823,0.007376961549853235,0.05649548758280487,0.1490477576946726,False,True
06470800,2.828249893806074,-0.05317110317992535,0.4870514680686927,8.424312981192145,2.9024667063020972,0.9860447259910613,-0.39563693355672935,0.38420916112384823,False,True
06479215,0.46566178464176133,-0.14205164763159828,0.4668421515912885,0.2476435044645052,0.4976379250665138,0.24738177196538974,-0.28674566096338316,0.5383009956138916,False,True
06889500,0.01956716685128965,-0.004043231969215411,0.49899123135052265,0.0003844220670583382,0.01960668424436774,0.0030153024633911892,-0.24195268151920013,0.18550504550597152,False,True
06903400,0.006076024658224148,-0.6054798836434949,0.3838064558769892,5.927122779464581e-05,0.007698780929124157,0.004832505940971568,-8.490124760428628,-0.03207678282366702,True,True
07142300,0.00034536379808000877,-15286.159773024157,6.54100961035541e-05,0.001823393608393374,0.04270121319580246,0.008753985769559635,-941.4905542924546,0.11501698867651765,True,True
07151500,0.057797119236346325,-0.01219492405837852,0.496969745845054,0.003381244221104606,0.05814846705722005,0.005134920345389304,-0.019246261203765824,0.2398665413827409,False,True
07301410,0.05378698729070743,-0.24833268693011212,0.44477403447147595,0.0036114763988566757,0.06009556055863591,0.027650567095417015,-1.3471043495397002,0.3879937258038679,False,True
07335700,0.028957522832251923,-0.010926642276307241,0.49728318227860896,0.0008477005347464334,0.02911529726357664,0.005891685084514329,-3.9032158146109106,0.2981906821628008,False,True
08070000,0.07618565565676773,-0.24111969922053467,0.44620552857921947,0.007203774137358706,0.08487505014642822,0.026056579524126405,-3.6780720149896604,0.5380461461429885,False,True
08070200,0.012178208337078174,-11.088462457017815,0.0764031683082696,0.0017928248567719565,0.04234176256099829,0.014257148374236124,-5.184878984125108,0.8056413017068668,False,True
08079600,0.5586721441900919,-0.014045353165049734,0.4965131487374459,0.3164983239830372,0.5625818375872413,0.18046305243655017,-2.165020549482171,0.2608005361086897,False,True
08164000,0.05056207795647584,-0.5728017392700293,0.3886813292825766,0.004020904964745955,0.06341060609035333,0.025355006165645292,-4.657767413720951,0.06899046339768442,False,True
08176900,0.045806801950543014,-0.008917090239946912,0.4977806226341372,0.0021169735063901393,0.04601058037441105,0.010356377350127144,-0.3693833743559465,0.06889897459346428,False,True
08189500,0.02912490161101666,-0.9110920796263233,0.3435136961137839,0.0016211027646040777,0.040262920467895494,0.02150596110256118,-0.06536730441881411,0.047934159471785344,False,True
08196000,0.022145368414338867,-0.08242189834364444,0.4802100865321281,0.0005308384705321266,0.02303993208610057,0.008627101101647336,0.18812728136143653,0.5375300965168781,False,True
08269000,0.006087915548185234,-4.09691464737941,0.16401738548690728,0.0001889054986342826,0.01374428967368931,0.011759134741043217,-6.657792849980764,0.07552433051868476,True,True
08324000,0.002513507214792353,-5.77400990507852,0.12863374400214372,4.279628782393869e-05,0.006541887176032516,0.005115030834862488,-16.71590659651055,0.13746892542580988,True,True
08380500,0.0460376632639924,-1.2855229946697437,0.30436554594880216,0.004844089282328203,0.06959949196889445,0.05101591491770335,-8.213603802001735,0.16329939222809833,False,True
09107000,0.014871264629271635,-3.3572014031581263,0.18666462668558428,0.0009636147485799433,0.031042144716174867,0.022519855759309735,-1.168919418129383,0.46386356930282663,False,True
09210500,0.009524821233110853,-1.051785395089197,0.32767703836880446,0.00018614252502679158,0.013643405917394364,0.00989465881114768,-0.13728305140879637,-0.07300229020306999,True,True
09312600,0.006971621263071909,-10.04547894861577,0.08301869973505013,0.0005368489696099877,0.023170001502157648,0.019033916104281044,-10.82169954212221,0.19747643677809773,True,True
09386900,0.004050745198389212,-49.47547444615255,0.01942672720862592,0.0008282286729953312,0.028778962333540298,0.023613309838447265,-18.84299711464151,0.19854565274337857,True,True
09404450,0.07460240976753714,-0.03158831656345451,0.49222570923796016,0.005741324936291799,0.07577153117293987,0.03151742593890868,-0.12403968698860957,0.16607502670581506,False,True
09447800,1.489235429658497,-0.08418146441185392,0.4798046701188734,2.4045216826006985,1.5506520185395234,0.47874430541977275,-1.4761851594823403,0.44732641636588655,False,True
09492400,0.04024523266172513,-0.037251240296199306,0.4908574751215311,0.001680013794389653,0.04098797133781633,0.026524201546897448,0.11175968070374398,0.5700408715119476,False,True
09494000,0.00020756216368385806,-45248.21283351791,2.2099343569479883e-05,0.0019494289308917404,0.04415233777380016,0.023150432835815263,-12981.640816219628,0.2675368294539072,True,True
09497800,0.00943719216212253,-341.71843807727066,0.002909358036170268,0.03052270832273325,0.1747074936078394,0.05768282006059987,-29.20036300170232,0.24951898431733163,True,True
09505200,0.0013305145759303586,-246.42343831491257,0.004025385071485709,0.00043800605181836504,0.020928594119490326,0.0126919309694319,-706.2584803219877,0.20850145770886414,True,True
09505800,4.1414216995778785,-0.7237968544738085,0.3671345747967622,29.565484023164405,5.437415196871065,1.691532073117713,-0.06854558995251891,0.5720736228621673,False,True
10172700,0.011751057055998826,-6.309710603648807,0.12034113433034581,0.0010093785075598125,0.03177071776903714,0.02659278724935796,-1.4887831285010957,0.07141709223576205,False,True
10173450,0.05894687324132358,-0.33746763620221243,0.42781340991088307,0.004647344088757926,0.06817143161734192,0.04296795453158772,-0.7034974390011202,0.3384465309644683,False,True
10205030,0.01785823379890871,-0.8999677525797605,0.34483142066335654,0.0006059310931564606,0.02461566763580587,0.017075910952662324,-0.8583482013639481,0.5065973250159358,False,True
10242000,0.02671088044831117,-3.030320704376993,0.19879448225435764,0.0028755174846412427,0.053623851825854905,0.040408450474194134,-1.6836198605273767,0.4468108581737796,False,True
10329500,0.006413339067264353,-0.4926514247110998,0.4011792383348991,6.139412333998521e-05,0.007835440213541624,0.006389761322446331,-2.065903723998594,0.24162709814287475,True,True
11098000,0.13498103631364589,-0.5937252348944717,0.3855458498635789,0.029037482794607366,0.1704038813953701,0.04211074639121326,-0.31085063897437637,0.5069263416684487,False,True
11124500,2.366866566278892,-2.3537360384188095,0.2296877879539937,18.7878215990618,4.33449208086274,0.6611674667358415,-0.30848142018150715,0.556632485568484,False,True
11224500,0.009735148120819529,-2.4769484039555607,0.22336643395676853,0.0003295212098470069,0.01815271907585767,0.009420190705530693,-79.06087284593617,0.10151460643657491,True,True
11253310,0.1678883385097106,-1.5922457669974142,0.27837738976190707,0.07306632029602166,0.2703078250736032,0.07271812500497318,-4.82955915250971,0.49003208317731733,False,True
11475560,0.016904625051857653,-1.7303378339791964,0.2680722348767237,0.0007802386720153427,0.027932752675225953,0.010245346088241033,-0.9840212833371487,0.2849349524677434,False,True
12035000,0.020102443316768144,-3.1388435546810705,0.19459631128273616,0.001672540731970241,0.04089670808231686,0.015706389177051003,-0.4281935152049807,0.4965504688523292,False,True
12082500,0.009837534564894976,-1.0426386826804594,0.32866209375838035,0.000197680620105153,0.014059894028944635,0.009950911491051343,0.2165238978710886,0.32118653851607665,True,True
12447390,0.0328531005651069,-1.5567295796775626,0.2811571635116144,0.0027595452644632603,0.05253137409646982,0.035394652491612805,-0.6415428159431906,0.530931228954017,False,True
13011500,0.004590278353971934,-3.285578783536786,0.1891940392818932,9.029995359578764e-05,0.009502628772912664,0.00798821278463436,-0.5639260514659914,-0.27701735043092457,True,True
13235000,0.005975593188112193,-0.28517540877116376,0.43760316873781807,4.589067587173451e-05,0.006774265707199158,0.005652565717821417,0.1900465604128312,0.4253274409288422,True,True
14096850,0.005259250046366848,-1.0167870354770927,0.3314784862968804,5.578374665110539e-05,0.007468851762560654,0.005007622220303697,-1.7884790383504536,-0.009832709209028703,True,True
14141500,0.1199466516496555,-0.01892793578384211,0.495312379543529,0.014659519225325036,0.12107650154065831,0.06010835386355984,-0.15398879716866531,0.46195468896611974,False,True
14309500,0.02895782112242901,-0.160756164131715,0.4628009474645387,0.0009733583543430516,0.031198691548573822,0.013551499257687016,-0.9117048088162814,0.3951520615786918,False,True
14316700,0.03486387716743141,-0.11190825279896788,0.47350541799089685,0.0013515132856350032,0.03676293358309431,0.02419321724631869,0.14213784204196434,0.36051410490721336,False,True
394220106431500,0.024462892560854856,-3.7395036114904947,0.17423109517659308,0.002836275897663493,0.053256698148340866,0.040731670761639666,-3.794384142541529,0.45515689518724106,False,True
