basin,std_obs,NSE,NNSE,MSE,RMSE,MAE,KGE,Pearson-r,low_var_flag,neg_basin_flag
01078000,0.004984973625852713,-3.2674733935342095,0.18984433812755347,0.000106046551880618,0.010297890652003351,0.00703544839770029,-0.663184611195988,0.3881769477801513,True,True
01170100,0.0073746416531355165,-3.115199238067321,0.19549580641121433,0.00022380650772247895,0.014960164027258489,0.007791466623828347,-0.4097161316903266,0.6276662249815735,True,True
01440400,0.01145941999381803,-3.232997479016631,0.1910950662617015,0.0005558700607641675,0.023576896758567858,0.017763151056545114,-0.03319819738554752,0.34389097570207156,False,True
01484100,0.04503032874455597,-3.1060206966042347,0.1958472280899784,0.008325903428232263,0.09124638857638291,0.025652830209121874,-0.35917841499280456,0.4295764645579374,False,True
02014000,0.004141553396481093,-6.694648739332061,0.11501327195385029,0.0001319821896176322,0.011488350169525308,0.007546462901159907,-3.00499328611843,0.37138546793405935,True,True
02028500,0.011954534419572836,-1.1057884864882053,0.3219794278813641,0.00030094011347061884,0.017347625585958985,0.008868956134006758,0.1815857757785082,0.47462121145207864,False,True
02137727,0.01322786137965635,-17.216339391536273,0.05203904758470514,0.0031874279701129523,0.0564573110421755,0.011933902812771992,-2.6774584948189037,0.48053580956849873,False,True
02140991,0.01489550578448907,-0.240029404392617,0.44642271125505584,0.0002751328789256652,0.01658712991827294,0.006769370980501199,0.2708628921325167,0.3978044006416442,False,True
02374500,0.006482397681806576,-0.7196637637491428,0.3676925115998414,7.226281594796546e-05,0.00850075384586364,0.005151582107526547,0.21844722643037928,0.3259882073401264,True,True
02422500,0.0396716716697968,-0.0030238370574848794,0.4992451819590108,0.0015786005734264826,0.03973160673099545,0.018195812190172415,-2.249576932852633,0.36326032617657283,False,True
03159540,0.012383746324237641,-8.330242715760354,0.0968031465973542,0.0014308596465080925,0.03782670546727659,0.015022317549510673,-1.5725406414289367,0.5955107860034629,False,True
03173000,0.027298534140496388,-0.12293180451649799,0.47104669018218975,0.0008368199721109312,0.028927840778580956,0.011851847404796133,-0.6281217907014738,-0.045745774383569256,False,True
04063700,0.006272409328713661,-0.09858235105480007,0.4765121556928062,4.32216559347784e-05,0.006574317906427891,0.0048559744407150746,-0.20657829363061797,0.63013727442571,True,True
05120500,0.01861143057456143,-0.00739019959570153,0.4981592518491945,0.00034894520489070095,0.01868007507722335,0.006142661693912016,-0.8610135344620036,0.1295601292767571,False,True
05123400,1.1520655070184243,-0.47427143744123246,0.4041593759147743,1.9567340371311575,1.3988330983827761,0.41369839124080565,0.2578810783095907,0.701471260444532,False,True
05131500,0.015109445779620324,-2.0471514259325994,0.2470873695489579,0.0006956505066714713,0.0263751873295996,0.01984785141067515,-11.851429925701813,0.34662135299006297,False,True
06280300,0.0037125440810362093,-0.8853268813657242,0.34658118165338186,2.5985429399093495e-05,0.0050975905483957315,0.004388573301270815,-0.5243492988350491,-0.07569745285275806,True,True
06289000,0.13270972426467495,-0.3435690262181035,0.4266996144823324,0.023662764254347483,0.1538270595647836,0.09917402852207953,-0.26928165469086984,0.5597079897653809,False,True
06339500,0.009292393223263444,-0.3214018516775481,0.43077418900021797,0.00011410116268704694,0.010681814578387275,0.006744455003415292,-6.652584344944335,0.270728051867349,True,True
06470800,0.07468903282650906,-0.07321660216679171,0.4823422689915105,0.005986886897861401,0.07737497591509415,0.020596776952773357,-0.6419318485097871,0.03722436338172574,False,True
06847900,0.017131668093732056,-0.4908054001005242,0.4014765665594116,0.0004375425171326789,0.02091751699252755,0.011648594773868922,-42.408767931647056,0.3769317278431379,False,True
07057500,0.02197270025669151,-3.460218162024745,0.18314286541788696,0.0021533913508328412,0.04640464794428292,0.007730369607327908,-0.3772881984225438,-0.05054817714075753,False,True
07180500,0.013615273534355384,-2.8961015932738112,0.2042441278942791,0.0007222424565476267,0.026874568955568882,0.006534344758109989,-4.156158017374398,0.5213956594313331,False,True
07184000,0.00034239513203574974,-6084.87193732071,0.00016428799723362922,0.0007134737059699087,0.026710928586814585,0.012810804685764645,-1865.6574847445838,0.5089487708030093,True,True
07292500,0.003339854037426359,-19.608235083394824,0.04627865238139996,0.00022987713408809238,0.015161699577820832,0.007632528947982311,-4.811956091626221,-0.029105298470175518,True,True
08104900,2.5779316591928736,-1.0274716957553856,0.3303086206890168,13.474032796609277,3.670699224481526,0.6350010368106015,0.17817772458219316,0.5244482823590481,False,True
08164000,0.030998732910298046,-0.6083257039782797,0.38338770287574764,0.0015454746547432323,0.039312525418029716,0.01289498164404814,0.31718886519523737,0.4040009833478611,False,True
08194200,0.07386319327279428,-0.09419360774232155,0.47751076896756733,0.005969670104144831,0.07726364024652754,0.00596679060882288,-1.5471630141989703,0.45550782210493346,False,True
08380500,0.0016370658380737775,-8.972332019849016,0.0911383284967128,2.6725695822321103e-05,0.005169690108925399,0.00371604023192545,-439.5001040781758,0.047255519014050625,True,True
09034900,0.01887479411058415,-0.17453645746015556,0.4598681234197349,0.000418437836272519,0.0204557531338379,0.009622171435748844,0.22220923376225665,0.41583279222231934,False,True
09352900,0.032092987847940325,-0.04072143363776615,0.490022784843011,0.001071901311463419,0.03273990396234264,0.017622342454159716,0.19207680878558286,0.7097461506770911,False,True
10172700,0.04605426605748588,-0.0627300528304986,0.4847944105084377,0.002254045576974879,0.047476789876474156,0.03847793197457853,0.35751333434924837,0.7606935885653009,False,True
10242000,0.005706232876400874,-0.879836863111265,0.3472418916534176,6.120954412716001e-05,0.007823652863411057,0.004024756740771888,-3.1388314704308033,0.17695456120882913,True,True
10244950,0.029876464861432365,-2.0661762690941616,0.2459312960927722,0.0027368786042710484,0.052315185216828285,0.044500716762103,-0.8030415432243689,0.645708318867742,False,True
10259200,0.0018813203329935174,-23.813173545047796,0.03873990922715692,8.78229076443189e-05,0.009371387711770275,0.0048181807308231815,-325.6819190239644,0.5226559803613295,True,True
11151300,0.0005818957095809165,-81.47719405676953,0.011979319756722293,2.792699373630888e-05,0.005284599676069029,0.005010789995032166,-893.9518867449635,0.0764376078715166,True,True
11224500,0.023676990569064856,-2.5446436407754764,0.2200392547894833,0.0019871268081955297,0.04457720054237962,0.026636719200053133,-18.737383431404464,0.3204665331056149,False,True
11274500,0.008167022148338855,-0.8147580898446494,0.3552703174059237,0.00012104481968216909,0.011002037069659831,0.008679594476613832,-7.133345166367869,0.48905600115281705,True,True
12374250,0.009882490770544487,-6.719088853727031,0.11469088304709082,0.0007538741901199472,0.027456769477124346,0.01215800236787922,-0.9999135489216813,0.22112127618383348,True,True
