basin,std_obs,NSE,NNSE,MSE,RMSE,MAE,KGE,Pearson-r,low_var_flag,neg_basin_flag
01078000,0.004984973625852713,-22.89501027088078,0.040168692003701684,0.0005937900984264321,0.024367808650480497,0.022956857247560136,-4.068258477762422,0.34301612363399764,True,True
01170100,0.007362651243276811,-6.978333761431969,0.11137924102305909,0.0004324945694588271,0.020796503779694008,0.01851850769820283,-0.3193219383178145,0.5499449405633238,True,True
01195100,0.009691993439698808,-3.207360637672804,0.1920358641507313,0.00039521731427042566,0.01988007329640476,0.018341426026675114,-26.470422958720032,0.3551668375398789,True,True
01440400,0.011448121503026317,-0.5978574632437874,0.3849325893158743,0.00020941437775099162,0.014471156752346774,0.010079796337773428,0.3303554751658695,0.3553559356664083,False,True
01466500,0.12671855774425966,-0.0010221028702634971,0.49974460480251637,0.016074005388554156,0.12678330090573506,0.08345035589865608,0.0697976287513562,0.5692636859586105,False,True
01484100,0.04503032874455597,-4.822629269879355,0.14657105940298043,0.01180672300057009,0.10865874562394916,0.034764600322058276,-0.5806243979078662,0.1425557568258705,False,True
02014000,0.004141553396481093,-25.510131424796704,0.0363502443721019,0.00045471408910598176,0.021324026099824155,0.020886655785250174,-9.679181542925601,0.38773675985014766,True,True
02028500,0.011954534419572836,-0.6537499245661649,0.3768252580029673,0.00023633887883058125,0.01537331710564058,0.011883950921623601,0.33661286766016485,0.5174272756164706,False,True
02074500,0.02933944501014545,-0.018896006907833218,0.4953202129175602,0.0008770687735707119,0.029615346926394632,0.014320704265593986,-0.6247515449440164,0.5180124666512653,False,True
02137727,0.013226703203797444,-2.3695034256368177,0.22885895777831058,0.0005894800601128682,0.024279210450771832,0.015726428851930943,-0.08290764435683351,0.5400774615018394,False,True
02140991,0.01485936682650303,-0.009925982623792295,0.4975307591648637,0.00022299244721484036,0.014932931634975109,0.008661323292165268,-0.06262494024366361,0.501455578425327,False,True
02177000,0.05351513734874234,-0.10799264536208208,0.47438495679771864,0.003173146814677525,0.05633069158706935,0.041199240292737284,0.286414046886037,0.5402182103611088,False,True
02196000,0.04211700161687452,-0.05325248769835156,0.487032162869057,0.001868303315170872,0.043223874365573386,0.019173955229953858,-2.210334153256648,0.39688814620766955,False,True
02212600,0.02924020546115091,-0.07733910040257896,0.4813850563955613,0.0009211137431197007,0.030349855734742807,0.02376079105339791,-1.7721618187844008,0.6714066633058817,False,True
02374500,0.006482397681806576,-2.2322334688205596,0.23628186095288364,0.0001358232331121599,0.011654322507643243,0.010503225364441482,-0.22739956320055987,0.38456941730240585,True,True
02422500,0.039671671765276875,-0.11392875697007421,0.4730528390338542,0.0017531473510462,0.041870602468154196,0.023144551943856537,-3.2421131454734198,0.42753752959777164,False,True
02464146,0.05271537327873356,-0.26479379183645135,0.4415413021726498,0.0035147488495466638,0.059285317318427705,0.023911387666055564,-1.389043092641801,0.7336401681048658,False,True
03066000,0.056290013735448716,-0.05522270104479188,0.486565275622754,0.0033435423997654717,0.057823372435075696,0.03839808729300671,-1.8522215475058958,0.5906535450673102,False,True
03159540,0.01236523915806362,-7.6837272420896205,0.10326602298891405,0.0013277344224134069,0.03643809026847328,0.025799033952795942,-1.2901636383782673,0.5869799652379821,False,True
03173000,0.027298534140496388,-0.08423141265198963,0.4797931716841334,0.000807980054396886,0.02842498996300414,0.01913366742298135,-0.70242334899831,-0.3803875253085235,False,True
03241500,0.030496990297004353,-0.8560417344275004,0.3501349395373776,0.0017262420860673304,0.04154806958292202,0.032548187178716645,-44.322199761391026,0.5272549140208936,False,True
04063700,0.006272409328713661,-5.316983976437427,0.1366683326381823,0.0002485298509601374,0.01576482955696437,0.014673538504089263,-2.553504614669,0.29004152444285786,True,True
05062500,0.03019265967001476,-0.48077382976473393,0.40310002790332394,0.0013498685336233234,0.03674055706740609,0.026332209364627823,-5.417563605693922,0.4137029724326762,False,True
05120500,0.01861143057456143,-0.6491610953036548,0.3774779879459829,0.000571245239957129,0.023900737226226494,0.01775559376763092,-6.637369701824798,0.14647747062321995,False,True
05123400,1.1520655025648376,-0.4737232562487339,0.40424893830542924,1.9560064458167028,1.3985730033919226,0.3437895471264616,0.31803050463388294,0.6410335797456859,False,True
05131500,0.015109445779620324,-6.444437532119337,0.11842114956696537,0.0016995304851047737,0.041225362158564156,0.03469913340435073,-22.357800456417458,0.32082336398974537,False,True
05489000,0.05362235329500716,-0.06663779801812764,0.4838777268851774,0.003066964216756769,0.055380178915897055,0.019062376178457366,-7.9817359489214805,0.1627890147012833,False,True
05525500,0.05214379797853842,-0.03498542199556942,0.4914040116412083,0.0028141001787542305,0.05304809307368391,0.016828390192750984,-4.510655487109222,0.2857723743074483,False,True
06280300,0.0036999121645165537,-13.278131306172373,0.06545303086876858,0.0001954583371550683,0.013980641514432315,0.013086481398414052,-7.004348951245692,-0.21190631746635663,True,True
06289000,0.13247564655945485,-0.24738043700846446,0.44496249212310535,0.021891273365631684,0.14795699836652434,0.06656121395020428,0.20049882556244758,0.3413315194125136,False,True
06339500,0.009292393223263444,-2.721780175462911,0.21178453101154007,0.0003213704027634027,0.01792680682005032,0.016178558239068157,-19.251092094261335,0.27664436438239953,True,True
06350000,0.043893734826354815,-0.14802497785607827,0.46554393468836186,0.002211853754478412,0.04703034929147786,0.017870998930522467,-44.06635431229304,0.08680199360236751,False,True
06847900,0.017131668173072913,-1.2962935258832675,0.30337104148880134,0.0006739484969862229,0.025960518041561166,0.021316973234732882,-79.90055183440423,0.46319399815897755,False,True
06903400,0.07231166532582,-0.03185913623989789,0.49216010212724304,0.005395567630990022,0.07345452764118779,0.017732834875008884,-1.6235474823294505,0.13699122647986006,False,True
07014500,0.06057612274717236,-2.717631188559445,0.21197078788716328,0.013641723652565094,0.11679778958766768,0.016588307010310374,-0.4969788530864694,0.10292188286712134,False,True
07057500,0.021972700601643046,-22.13361805851908,0.04143597522655761,0.01116890089120556,0.10568302082740424,0.011145820197010214,-3.1904326956210127,0.31375570679169457,False,True
07068000,0.0331135588746778,-13.932195490823913,0.06276598856547713,0.01637326854827931,0.12795807340015444,0.013519259621645281,-2.137584911432656,0.13387931538986533,False,True
07180500,0.013586907098665403,-1.732063106898437,0.26794830938190073,0.0005043498993838999,0.022457735847228676,0.019677241342753716,-16.22189372779968,0.5077317100019123,False,True
07184000,0.00034239513203574974,-7695.287503293778,0.0001299158956414303,0.0009022698511796735,0.030037807030135765,0.024541929639936084,-3576.3752724726332,0.37322602198647403,True,True
07292500,0.003339854037426359,-599.222074766539,0.0016632789146810865,0.006695252155528667,0.08182452050289489,0.015688603449246833,-25.106061112029863,-0.0008795200727853488,True,True
08104900,2.577931661940284,-0.0654674915093929,0.4841518949636067,7.0808110342421955,2.660979337432404,0.8287821016935809,0.4688025789250536,0.5804857323936563,False,True
08164000,0.03088671937897295,-2.8134018061171613,0.20775327726206852,0.003637945030614835,0.06031537971873206,0.02840822208505453,-0.9696751602752367,0.27925317287467694,False,True
08171300,0.030864131557791784,-0.7471837234266381,0.3640091456106446,0.0016643578095259363,0.04079654163683408,0.02848516362298116,-0.7005559407738569,0.43800062602387557,False,True
08267500,0.015538872568228003,-1.5834890617235233,0.2790576398519932,0.0006238003834282049,0.02497599614486287,0.023295809040785397,-0.7700805662036403,0.5079378737259679,False,True
08380500,0.0016336335265879698,-194.56537450920442,0.0050873659844560964,0.000521916755369154,0.022845497485700635,0.02270588486952199,-2718.4273089540598,0.06824250309299294,True,True
09034900,0.018874794432544712,-1.8825101128865338,0.257565330398207,0.0010269168982855053,0.03204554412528371,0.026329826067473885,-3.9139366025718525,0.3636831361261609,False,True
09306242,0.029336874515129573,-0.7405585854757004,0.36488911614579556,0.0014980155868127166,0.0387042063193746,0.03337628347568596,-1.117042811853831,0.21339400503083142,False,True
09352900,0.032025709000013294,-0.1788898927619158,0.45894930410293505,0.0012091237465158336,0.0347724567224669,0.029247394853968454,-0.3298170527121054,0.6741083376183749,False,True
10172700,0.04605426605748588,-0.44338265931153953,0.409268681755221,0.0030614080127292,0.05532999198200918,0.048063401749334766,-0.1333133609187438,0.3182997924794758,False,True
10242000,0.005706232876400874,-19.106107537871196,0.04737965056823841,0.0006546768502708679,0.02558665375290149,0.02492662990873047,-34.0015999112875,0.1781016019648408,True,True
10244950,0.029828864396598924,-1.2133349251619223,0.3112031653375221,0.0019693394309826247,0.04437724001087297,0.03815992344360691,-0.5742711774300309,0.313964722659285,False,True
10259200,0.0018813203329935174,-271.34340914589166,0.0036584017266948978,0.000963923055853214,0.031047110265743156,0.030929739420259252,-2286.3182428637897,0.5887076958236988,True,True
10316500,0.05510638526215448,-0.015414918371923436,0.49617574569102235,0.003083524390413928,0.05552949117733682,0.025923854269810677,-0.3941093895488583,0.13563534078829556,False,True
11098000,0.06278567379009503,-0.1067754040344937,0.4746590443789077,0.004362953835969767,0.06605265956772495,0.0315180779470934,-8.585064841958877,0.7770779306424125,False,True
11151300,0.0005806752936372034,-1561.2736715689257,0.0006396832609586423,0.0005267733679713421,0.022951543912585536,0.02292617407164967,-4116.845949092138,0.09847561720806187,True,True
11176400,0.016219205048483547,-1.4569040943015472,0.2892761768104665,0.0006463196094749017,0.025422816710091382,0.02189582748232268,-25.741749937713205,0.7424660098799607,False,True
11224500,0.02362747823154338,-0.7781707402668838,0.35994907926498987,0.0009926775567142931,0.031506785883588524,0.023809773881884724,-16.403611925774484,0.37342771986569967,False,True
11274500,0.008167022148338855,-5.523748693579869,0.132912467006416,0.00043513567383174476,0.0208599058922073,0.020241188993670216,-19.064299707093205,0.53395422802101,True,True
12374250,0.009862101953813695,-5.832391708098147,0.1276749219483073,0.0006645256253436025,0.025778394545502684,0.018151636647726156,-1.3223878699044356,0.30721929543810983,True,True
