basin,std_obs,NSE,NNSE,MSE,RMSE,MAE,KGE,Pearson-r,low_var_flag,neg_basin_flag
01544500,0.005343997675069742,-0.2987480268616014,0.4350194054827593,3.709005025805678e-05,0.006090160117604198,0.004802669241445774,-1.339037621801881,0.44243708415483546,True,True
02016000,0.01074181632127094,-0.9206516115233976,0.34238934765602014,0.00022161749357930814,0.014886822816817165,0.008478506856833642,-47.97331145954209,0.10141205144825237,False,True
02361000,0.0318891723791866,-0.29186648058367193,0.43632559246877634,0.0013137239765446897,0.036245330410201664,0.015256848548701612,-1.3098871855926038,0.3654362510770093,False,True
02363000,0.005695696199470942,-40.31035431526996,0.023634876525699438,0.0013401473535001422,0.03660802307555192,0.006469406160349519,-79.00581038682307,0.6056921364501123,True,True
02372250,0.01752010697304189,-0.28214771016520235,0.43818373173032305,0.00039356055842859936,0.019838360779777128,0.007449877433122446,-0.7151623234655577,0.3110410463223193,False,True
02472000,0.00486880148329656,-6.715677300329481,0.11473577618141009,0.00018290188868179332,0.013524122473631823,0.007867463944683328,-33.65424811724609,0.4068263803949326,True,True
02472500,0.004884673473893066,-2.4731063072899273,0.22355829066040223,8.286843786503673e-05,0.009103210305438227,0.005186331862035691,-0.135843254673103,0.052125413539730533,True,True
04185000,0.015637017918832846,-0.34277303070503606,0.42684459266592256,0.00032832993267711743,0.018119876729081726,0.010519534018369338,-0.30467256984826463,0.3903597508328083,False,True
05057000,0.0003493082836865919,-699.7301196481229,0.0014250492774935215,8.550048041771732e-05,0.00924664698243192,0.00482366866305187,-250.2782690635869,-0.016330984818926395,True,True
05458000,0.012275827700945943,-27.74088485802067,0.033623747402737915,0.004331134825179053,0.06581135787369118,0.007821085808491165,-4.332557493483416,0.05162078326455674,False,True
06339500,0.013980897179471399,-1.4876369313544484,0.28672709335362007,0.00048624716163682944,0.02205101271227309,0.004665260046627299,-1.7677262593380156,-0.043048957358227384,False,True
06464500,0.05772068588859962,-0.21519433212410677,0.4514276628006354,0.004048635711013069,0.06362889053734215,0.00836362147666218,-0.06518947711547152,0.2648565279310575,False,True
07056000,0.004957741826320286,-1.6350383130114419,0.2751002641211645,6.47671442866589e-05,0.008047803693347576,0.0051230067327815215,0.032543204683869176,0.13392759329074064,True,True
08079600,0.023983108917092853,-0.011170465448502975,0.4972228944188449,0.0005816146479141231,0.024116688162227482,0.0054716829143528645,-30.265730277921918,0.18689692853472809,False,True
09430500,0.013241127136163225,-0.5577618263513269,0.39096681704195657,0.00027311840535058376,0.016526294362336155,0.011001819725129267,-6.630268904883075,0.33021021803167416,False,True
09447800,0.0007907706655079134,-19.025722469886915,0.047560791379806434,1.2522449638294323e-05,0.003538707340017584,0.003014122316279323,-229.15944002772386,0.4360921652402452,True,True
13161500,0.0058099740395821204,-0.21870583885636719,0.4507131961736083,4.113838853296946e-05,0.0064139214629561426,0.005627687099096767,-2.8670836030244344,0.7102294965719042,True,True
