basin,std_obs,NSE,NNSE,MSE,RMSE,MAE,KGE,Pearson-r,low_var_flag,neg_basin_flag
01144000,0.10660475609239563,-0.10252856995305581,0.4756177938748901,0.01252976754407117,0.11193644421756112,0.07236136772717143,-0.8701784873927414,0.46688570440972804,False,True
01423000,0.09776413208106287,-0.20676981265755767,0.45315102384680755,0.011534095314070817,0.10739690551440864,0.0536781762446747,-0.32589443650996475,0.6169100444562098,False,True
01440400,0.0049266224630219665,-3.7495579913300974,0.17392641338828568,0.00011527941398091173,0.010736825135062586,0.009227881416402002,0.002657641010333278,0.21342764023501243,True,True
01491000,0.025222942935901386,-0.47176672804777464,0.40456892175654846,0.0009363333568305896,0.030599564650997727,0.01030743796090021,-0.010565103391504405,0.22533391176965545,False,True
01606500,0.04731464119668153,-0.2655895273375941,0.4413862210844297,0.002833243978809539,0.05322822539602029,0.03848904546456032,0.22051430810740846,0.41352094060971395,False,True
01632000,0.09309680707877609,-0.0644978388150903,0.48437929127305146,0.009226019256232723,0.09605216945094329,0.03832655143730678,-1.7699637155270471,0.3640617423194963,False,True
01639500,0.003091047883235955,-1.7800988173834371,0.2645433488144086,2.65626682640524e-05,0.0051538983560070716,0.004930395514992787,-5.509414886687805,0.6056926395920424,True,True
01644000,0.04472779272849837,-0.04713879287877476,0.4884866641571268,0.0020948801537794483,0.0457698607577022,0.0209363337159218,0.14549637376724966,0.4387204637552998,False,True
01667500,0.010829122800033685,-2.3172308275748232,0.23162995909619769,0.00038901132947736003,0.01972337013487705,0.01006338340543021,-0.13346352210058887,0.37983240684729735,False,True
02027500,0.007379411682216382,-1.0149156432638562,0.33168423873957226,0.00010972367559636614,0.010474906949293924,0.006733241166986461,0.2348330772249304,0.35979851861556733,True,True
02028500,0.1186565991279867,-0.10550024397439683,0.474946513476709,0.015564767440133442,0.12475883712239964,0.07118496002669691,-0.1188670187880736,0.6619842468450525,False,True
02046000,0.007872486611251376,-0.40254751711874626,0.41622485835337375,8.692434865878665e-05,0.009323322833560289,0.005341632561710453,-1.2222529881225777,0.49079602284814156,True,True
02051500,0.003553137922958796,-1.6546769785400826,0.27362199337230225,3.3514736981546805e-05,0.0057891913927203,0.0044123763835560315,-37.69618984681758,0.07136570510915027,True,True
02215100,0.012304944493969242,-1.916812020377633,0.2553096739893038,0.00044163934699553915,0.021015217034224015,0.0097243608090977,-0.12632267640481465,0.45491569819264455,False,True
02350900,0.003447526831148872,-25.97416951093352,0.035747263188962826,0.00032059990702997047,0.017905303879855557,0.009084795090735344,-3.3942176197265415,0.3008686725439115,True,True
02472500,0.271263876786494,-0.029179908644581642,0.492809925694545,0.07573126789791355,0.2751931465315108,0.1283281037876408,-0.2297267831382599,0.5898025621007024,False,True
03050000,0.003007241487004847,-0.7825030592083033,0.35938864350593985,1.6120068842227723e-05,0.004014980553156855,0.002537134708656805,-17.789366102715316,0.3451867462791185,True,True
03070500,0.1991135703365147,-0.11777736909639858,0.4721931656237664,0.044315640659005194,0.21051280402627578,0.09766818466632188,-0.2947088774235431,0.5986643971759982,False,True
03170000,0.006969476377198786,-3.7698864137264545,0.17331363709708708,0.00023169055934369606,0.015221384935139642,0.009747780418688038,-0.40145890147496477,0.05059283979818752,True,True
03182500,0.007754556929076876,-6.647905275357734,0.11563493911635539,0.0004598926593243959,0.021445108051124293,0.010574361673687334,-0.9327773659176735,0.15266816032098915,True,True
03281500,0.04615581040569773,-0.2812852755109432,0.4383493860828205,0.002729597405823722,0.05224554914845591,0.009387139884372972,-11.238520372450536,0.11560456071003555,False,True
03471500,0.07966617435679063,-0.143266018250511,0.4665776396792184,0.0072559656796410766,0.08518195630320471,0.0493534838097005,-0.13880994221258702,0.48742071213810984,False,True
03473000,0.003980047730905217,-0.6199644009566438,0.38168457542204154,2.5661499586647815e-05,0.005065718072163888,0.0033268277132058447,0.099452165751858,0.18956847991404688,True,True
03498500,0.0169243562265983,-1.3814060810606237,0.29573496232855195,0.0006821152733584821,0.026117336643664148,0.022539571183933887,0.12443138769305317,0.6042014899751619,False,True
04056500,0.014369386355695703,-0.18108981750269426,0.45848639151641213,0.0002438705565184309,0.015616355417267849,0.009751896203294346,0.36117616489649196,0.37069286513060223,False,True
04122500,0.039407505719973555,-1.5201954344474422,0.2840751369126663,0.003913741298035455,0.06255990167859485,0.038000275081633776,0.07107965393119497,0.19190208253597152,False,True
04127997,0.01620572181105025,-0.0005344383325409652,0.4998664261103682,0.000262765776508386,0.016210051712082413,0.007355454473219596,-0.012352018803321485,0.39623256815737457,False,True
04185000,0.004113596444450576,-2.1134224504327004,0.2431065644363388,5.268432504759503e-05,0.007258396864845228,0.005605945089365437,-15.421186655487425,0.19573431851283404,True,True
05087500,0.013381584187087061,-0.3409079220623692,0.42718467931835075,0.0002401120844713135,0.015495550473323414,0.012680711022572934,-1.4362448009206696,0.3529647216782821,False,True
05393500,0.037910826203236936,-0.5738931899492012,0.3885165102829058,0.002262047679441832,0.04756098905029028,0.03048898784965536,-0.4001916258856357,0.27357479535768137,False,True
05412500,0.012687060574529292,-0.5513251594583832,0.39195317629066473,0.0002497036339958925,0.01580201360573685,0.007796771498142135,0.12346552611295092,0.23241206872783723,False,True
06191500,77.75371162183231,-0.0910316602147081,0.47823283550729195,6595.984287279459,81.21566528250236,36.10177363037038,-0.06326014535223612,0.47838192545925734,False,True
06278300,0.11397256844157358,-0.11665536931418696,0.47244346646946495,0.014505070015762359,0.12043699604258801,0.059247577342412754,-0.09842183616465561,0.24238504360807853,False,True
06339100,0.03792711215093362,-0.08202866853687163,0.48030078313126295,0.0015564612733813359,0.03945201228557722,0.011048492978202946,-4.157158816728739,-0.10500221694599736,False,True
06339500,0.014371310834086578,-0.06274474927979967,0.4847909564909312,0.0002194935352215621,0.014815314212717937,0.004135087559643841,-0.21912096406137604,0.07609638446504631,False,True
06344600,0.025065982438622566,-0.20010189995465777,0.4545244018109385,0.0007540281948316781,0.02745957382829672,0.012950248074525342,-3.5346232610598376,-0.08600022595206894,False,True
06353000,6.728745144201606,-0.16026797810108917,0.46290553308067656,52.53230598962582,7.247917355325309,2.9162741000381787,-0.5434015299329553,0.16567234783126022,False,True
06431500,0.7854859001240264,-0.6019199812785294,0.38433157329789247,0.9883655644695626,0.9941657630745301,0.6422798211063502,-0.35616677096308647,0.21624003351896867,False,True
06440200,0.13494834698098732,-0.002776608912499423,0.4993068101304601,0.018261621334276442,0.1351355665037019,0.015608210079731157,-0.39290311312425397,-0.010093254484073076,False,True
06447500,2.359507938319989,-0.06473930990005416,0.4843226431565377,5.927699428026819,2.434686720715176,0.9579856003776012,-0.26782930386438064,0.5887466805311524,False,True
06450500,0.009334748627166904,-0.05202583955715512,0.48732329813927133,9.167093518811564e-05,0.009574493991230849,0.001922297569426202,-0.31919565469545086,0.11586208187119088,True,True
06453600,0.07098884983179617,-0.08503658262316582,0.47960789193535824,0.005467951583564603,0.07394559881131942,0.015921719079977466,-0.6231549014479256,-0.10298847448996462,False,True
06464500,1.9256848134133153,-0.03866562116916494,0.49051692912077693,3.8516442543222973,1.962560637107118,0.7702579102324794,-0.2547196431217371,0.7511658954127372,False,True
06468170,4.5102592827669845,-0.10125550874300204,0.4759059504373234,22.402222787328935,4.733098645425525,1.5140393035423718,-0.4776101219156452,0.33758463095350605,False,True
06470800,1.3101555981754058,-0.07689143327360748,0.4814888173638401,1.8484924280496067,1.3595927434528352,0.4608989860605209,-0.45352209449552827,0.27702870655027423,False,True
06479215,0.004009233401305564,-0.7764337011593765,0.3601742766565693,2.85543108716924e-05,0.005343623384155399,0.003711394996717009,0.003809594720050269,0.0500524667976744,True,True
06479438,0.0684225450057829,-0.01663273361611095,0.49587611235827606,0.004759513213667757,0.0689892253447432,0.015808833212996323,-0.4783115232448214,0.07660206887900704,False,True
06847900,0.0006613834069059413,-52.65867175142949,0.01829535859465606,2.3471806053400942e-05,0.00484477100113111,0.0013950244800998435,-106.63948087013355,0.12729341941284167,True,True
06853800,0.0010793828373676876,-30.14681889835371,0.03110727699564735,3.628814049662549e-05,0.006023963852533105,0.0017543650478132385,-14.297253221212513,0.2732167601387791,True,True
07060710,0.005323715008686456,-26.261693305589166,0.03538358403324104,0.0007726493166865672,0.027796570232432764,0.009176878967067065,-3.3926869889699436,0.1815255391237514,True,True
07142300,0.0011192026614037422,-5031.383042662114,0.000198673534583831,0.0063036364584094316,0.07939544356201703,0.013170554893928887,-312.5590495787197,0.011325995001902088,True,True
07149000,0.03857499069864163,-0.5342197733590124,0.3945987678387253,0.0022829649072831026,0.047780382033666316,0.005772688916470519,-4.573800973570819,0.16604021973463934,False,True
07151500,0.0029939674520426366,-10.184586593592346,0.08207090099600768,0.00010025685703766768,0.010012834615515612,0.0019991811960789843,-6.627094153935242,0.68969240505106,True,True
07226500,0.0864520146951683,-0.0005492805118874067,0.4998627175753084,0.00747805614039948,0.08647575463908644,0.004379873291912382,-0.44684798455122077,0.006460747077540403,False,True
08079600,0.03578365911021116,-0.06944148827805052,0.483222166784761,0.0013693880198184683,0.03700524313956697,0.006786172582840963,-3.657417508870174,0.16359963445376374,False,True
08324000,0.012566276103231992,-1.0450661414682227,0.3284000916702044,0.00032293904296984546,0.017970504805648768,0.01086813695692223,-0.29501201723548287,0.18153898675084004,False,True
09210500,0.007372690044839523,-1.7740995183760289,0.26496386624968854,0.00015079050274787123,0.01227967844643626,0.008616603167224185,-0.997459570839216,0.4084133624893018,True,True
09430500,0.004094463304464339,-3.960352094098141,0.1677753233722864,8.315846629515402e-05,0.009119126399779423,0.00720382220041708,-97.31986835465948,0.03994296803522539,True,True
09497800,0.4987745427989516,-2.702997180816365,0.21263036347948994,0.9212169916022013,0.9598004957292955,0.6588722583860865,-2.9765905949766083,0.1348961129164998,False,True
09505800,0.008412299378365023,-0.5674880036582872,0.3894857536140965,0.00011092608001048481,0.010532145081154399,0.004046733734086991,-0.3957637808634913,0.23014285546740365,True,True
10258500,0.062140649842284096,-13.636088236813091,0.06395461478949914,0.056516674593209755,0.23773235916300867,0.06074862825740804,-8.878673839092729,0.7398792563641604,False,True
10259000,0.046060988384758104,-0.47174704202678375,0.4045721439116277,0.003122480086901711,0.055879156104058254,0.015229698941441666,-2.694569949801771,0.4759511378843133,False,True
10396000,1.6284323971711427,-0.10148680397196341,0.47585357096220027,2.9209139743579127,1.7090681596583306,1.0117062748542576,0.11367679859710433,0.8116559338584091,False,True
11148900,0.027139541049676537,-1.258867147631118,0.3068550986274183,0.0016637791880312453,0.040789449469577854,0.010423652089866214,-0.2596235621420837,0.5406517244858259,False,True
11151300,0.012471089908502353,-6.686467079095373,0.11512160132472893,0.0011954614937432749,0.03457544639976865,0.013023680079862935,-71.30038689043718,0.23796155114031914,False,True
11253310,0.013679204075919993,-3.4963061230905925,0.18194037551854852,0.0008413516081251735,0.02900606157555992,0.014413761198535482,-20.23353524432238,0.3951113330342608,False,True
11264500,0.016231696762224444,-0.21656619986633419,0.45114826710806244,0.00032052623894839705,0.017903246603574365,0.00833171000036685,-0.3706422339272133,0.23727929198664777,False,True
11274500,0.0044842362962301445,-16.439131809892917,0.05423248829228947,0.0003506726049054778,0.018726254428087796,0.011341199323492247,-11.286291178068346,-0.019944668830615218,True,True
13011500,0.28008118739932225,-0.05622111357432047,0.4863290204533034,0.08285576329957542,0.28784677052135815,0.11787690132076731,0.2376204966466806,0.6341189906751055,False,True
13083000,0.008535199006052789,-4.105190111817596,0.16379506316508244,0.00037191117025634304,0.019284998580667383,0.01405180735158709,-2.7274957555678334,0.331105439553727,True,True
