basin,std_obs,NSE,NNSE,MSE,RMSE,MAE,KGE,Pearson-r,low_var_flag,neg_basin_flag
01030500,0.09578430983909525,-0.08341407336176965,0.47998139821836433,0.009939927605842086,0.09969918558264197,0.036659653120225004,-0.5048866378237813,0.21761988521563,False,True
01031500,0.027411263083864268,-0.46538783947156936,0.4056156942083156,0.0011010592225363703,0.033182212441854604,0.023122847017978884,-6.392643040706768,0.4700859823798792,False,True
01052500,0.17186189198887541,-0.15482520299606062,0.4640747651408587,0.034109506061844756,0.18468759043813626,0.12854119588115856,0.3954924483155593,0.4526769154187968,False,True
01054200,0.013088851301066766,-1.5323651388056758,0.2830964412524207,0.0004338398027220729,0.0208288214434248,0.011671874620717487,-30.691469372626337,0.31519626659107847,False,True
01073000,0.1052689163605587,-0.14756086526608203,0.46564454408424893,0.012716747083775846,0.11276855538569183,0.07149147958326423,-0.10045751324063579,0.6207150079546672,False,True
01169000,0.0026515803079340938,-12.326642716100705,0.06980002362145671,9.36980008112783e-05,0.009679772766510499,0.0055847026508877885,-60.47175689232904,0.17421480125360092,True,True
01170100,0.005063304182572443,-4.176544440692996,0.16190282602221542,0.00013271132474630036,0.011520040136488257,0.008476937163605562,-0.47264207231973,0.2630120225971165,True,True
01181000,0.00951785239829472,-1.667888500835021,0.27263642277357747,0.00024168272343243552,0.015546148186365506,0.009451864582892038,0.043878806366471124,0.3782285317223713,True,True
01423000,0.01620100882145577,-0.267077995548608,0.4410964254266916,0.00033257336591847295,0.018236594142505693,0.007468382263124564,-2.8338391204129243,0.2384321706923315,False,True
01439500,0.0018973824588729288,-53.58271560846431,0.017991204442837926,0.00019650106181006547,0.014017883642335796,0.010906563092759471,-4.7333655870158875,0.18997589128185888,True,True
01487000,0.009598833308328052,-7.394365750869014,0.10644678166884192,0.0007734367212032764,0.027810730324881374,0.016655284918190322,-1.0573064817980105,0.28844918827455507,True,True
01545600,0.08049653795873742,-0.05978588747974434,0.4854873538450893,0.006867086797424936,0.08286788761290428,0.061857839662301094,0.16633622666134418,0.6404034706056704,False,True
01547700,0.02244765374979931,-1.0161844331328567,0.33154471225796955,0.0010159496076153401,0.03187396441635932,0.010868654022047163,0.21554508457468757,0.3286524711435082,False,True
01552500,0.02242968294482571,-0.7541747845404798,0.3630851627910917,0.0008825089799402808,0.029707052696965427,0.01907744135533828,-0.4380148819591727,0.17223375291081905,False,True
01632000,0.08353319768703456,-0.057509246087897425,0.4860245473508214,0.007379082852287884,0.0859015881825702,0.025284638319235105,-0.8019841664142091,0.24302514005813966,False,True
01664000,0.007342807639063833,-3.151845833439342,0.19410518721450284,0.00022385434117754805,0.014961762636051545,0.011176837889950521,-0.3078662093552873,0.24728949808855993,True,True
01667500,0.04355666449809391,-0.5586073907106217,0.3908376109717491,0.0029569634799308762,0.05437796869993285,0.03813569950492159,-0.08815425815432154,0.3110830245157437,False,True
02014000,0.013925293249513408,-4.141938242688897,0.1628150529175961,0.0009970927433063956,0.031576775378534074,0.01926232242540733,-0.48847959211845127,0.2716489957469655,False,True
02018000,0.004560271866803382,-0.8234346981704175,0.35417854737281473,3.7920292944675905e-05,0.00615794551329223,0.005288511565149778,-4.916997800124803,0.3669066497767173,True,True
02046000,0.008536307782515554,-4.293157149705072,0.1589027536118123,0.0003857046893738531,0.01963936580885068,0.009038471708808234,-0.6061676672284713,0.23059821021409613,True,True
02055100,0.005480054574838702,-3.8711128994201127,0.17032545909631028,0.00014628438243785452,0.012094808077760246,0.006621833652809383,-4.315575723046677,0.29391201630347646,True,True
02081500,0.008111918633970516,-0.3436677143829361,0.42668164683204246,8.841766748920204e-05,0.00940306691931957,0.003921716691786422,0.04114551955985668,0.2869841300216467,True,True
02137727,0.05331949034234911,-1.1045933951037674,0.3221033715967743,0.005983291781295234,0.07735174064812785,0.04932797268520508,0.004846125286679603,0.20894362947353481,False,True
02297155,0.014230910612605528,-26.12389428278804,0.035556953455482335,0.005493098978893598,0.07411544359236878,0.016363810566849844,-7.2622626199601505,0.8640593720149113,False,True
02310947,0.14940968571310193,-0.01722750234171655,0.49572990594226035,0.02270782809863279,0.15069116795165133,0.08871002352875437,-0.15906510437536947,0.7358760189427599,False,True
02374500,0.021359643995846896,-0.5514872086832743,0.39192828268814334,0.0007078418227742828,0.026605296893180554,0.013179339980494365,0.30298589765412387,0.4201750317663808,False,True
02384540,0.0052396863057972455,-6.870164524833441,0.11273748048306662,0.0002160699569456678,0.014699318247649033,0.007633963385720659,-20.650944812436666,0.25688432086502033,True,True
02408540,0.027977677018376376,-0.09101376077068046,0.47823692926412503,0.0008539914700258535,0.02922313244718734,0.008803596068149375,0.13962162826794122,0.23622299607799488,False,True
03015500,0.015067431525046112,-2.7552519406648783,0.21029379988227923,0.000852545432778607,0.029198380653361704,0.021654834612297152,-29.47740119956836,0.1443233664921608,False,True
03028000,0.009337181636086031,-0.39471894083319947,0.4175855391414192,0.00012159572689248956,0.011027045247594187,0.00540602826609225,-2.5740657808672105,0.2702967308517193,True,True
03050000,0.01107677356495119,-0.3409325974801367,0.4271801764290162,0.00016452560786265496,0.012826753597955133,0.005990078214431413,-4.607726754594309,0.2758496141321116,False,True
03069500,0.030812482450720064,-0.03721320028907149,0.49086664069234603,0.000984739624831831,0.03138056125743819,0.006002689354125761,-1.22070508890907,0.08649349899069594,False,True
03170000,0.017013292733007612,-1.175169513010864,0.314943815094693,0.0006296074478233384,0.02509197975097498,0.015640375310939085,0.09148378396932111,0.20480184226235398,False,True
03180500,0.0032521190771249583,-7.9813953403708755,0.10018639337482081,9.498973836471802e-05,0.009746267919810024,0.007418515181399548,-1.0164073822885729,0.1347144067648273,True,True
03241500,0.004847912939868516,-5.972066620628792,0.1254379883645686,0.00016385932156671163,0.012800754726449204,0.007653731428492588,-0.8297488058919731,0.18995130851386718,True,True
03479000,1.5847488767861495,-0.7216768252251498,0.36742055145260505,4.323869111759458,2.0793915244031025,0.6621103010459288,0.13571723858350415,0.674024870934746,False,True
03500000,0.029613435004217106,-1.1875724135072252,0.31371836315389584,0.0019184037313142246,0.043799585971949835,0.030378202311859673,0.14788368965728527,0.4111714067991968,False,True
04040500,0.012266709871308259,-0.16518189457546284,0.461854961241524,0.00017532744936455714,0.01324112719388184,0.0066026713634053024,-9.258711850063596,0.2861398650688872,False,True
04063700,0.07924332526721069,-0.46948319867976895,0.40494302635248475,0.00922762650485791,0.09606053562654078,0.07213730695721754,0.110451312300752,0.3132471213837899,False,True
04122200,0.33454680272030446,-0.5347840927066094,0.3945109182582146,0.17177543484614594,0.4144580013054953,0.3124166934777431,0.058452563067080465,0.6645735369009931,False,True
04122500,0.2574592928462111,-0.06096183582177095,0.4852103433546931,0.07032616028519116,0.265190799774787,0.1620082759805915,0.05996129242111503,0.35816353030126213,False,True
04124000,0.1430013495425019,-0.1276070960278366,0.4700115927733851,0.02305887273028554,0.1518514824764169,0.11672227492408886,0.43794751803414034,0.6283281052105459,False,True
04127997,0.03430037028214198,-0.4025735768351566,0.41622034373543393,0.0016501494148723527,0.04062203115148666,0.028279735245818362,0.01946953839983212,0.3872262911809154,False,True
04296000,0.008710664628812084,-0.053611431627611505,0.48694703613304263,7.994348201371097e-05,0.00894111190030138,0.004990053564846003,0.07338048409846731,0.27049201101210135,True,True
05057000,0.0968744926347428,-0.060149760847171274,0.4854016047788593,0.009949152818361917,0.09974544008806577,0.029128417272689014,-1.0284490958084525,0.23085480170097233,False,True
05057200,1.006933353350788,-0.19521028995576684,0.455537223279028,1.2118413759117002,1.100836670860714,0.4722999673329948,-0.509490956509526,0.3520288539258481,False,True
05087500,0.04457621794320699,-0.04692865303135463,0.4885368127116066,0.0020802882795840066,0.04561017736847782,0.015508960413447905,-0.4926300746524672,0.19563113767737966,False,True
05120500,0.26289586217835875,-0.14863894340633754,0.465410907248406,0.07938730111869931,0.2817575218493719,0.11368638075692038,-0.5009117458105012,0.20030635093450477,False,True
05129115,0.0034637323413055656,-30.13091210946689,0.031122677021837953,0.00037349130410375936,0.019325923111296894,0.014473474325535973,-286.390737321359,0.035725990860695445,True,True
05131500,0.0007706581256281967,-83.24640992738506,0.011730699285187775,5.0035117806582175e-05,0.007073550579912621,0.007043748996920781,-146.74578524621938,0.07451600139711191,True,True
05362000,0.00663260774782939,-1.2110099408494879,0.3114284970838319,9.726561183408491e-05,0.009862332981302391,0.00761700240310693,-0.059958372621642386,0.2259909573388679,True,True
05393500,0.17966589528992288,-0.011338419008747769,0.497181374625575,0.0326458362129644,0.18068158791909153,0.09170167601407833,-0.010034818743728913,0.4401907649855264,False,True
05408000,0.006582633457557831,-11.802774287163087,0.07244920326850697,0.0005547578222404651,0.023553297481254405,0.014016205197447663,-1.4207326595916152,0.013787213712954164,True,True
05454000,0.016806109728452312,-1.1110889956649537,0.32143085633147034,0.0005962672158057301,0.02441858341111806,0.012745853209591856,0.08083371722062405,0.6077772185318717,False,True
05514500,0.005450881760123386,-0.3756078855364777,0.4209448899746233,4.087221551203343e-05,0.0063931381583721015,0.0034292014992917488,0.286900435822138,0.47909498433535563,True,True
05591550,0.00293530605401171,-2.408026954167709,0.22685886688023046,2.9363633955178263e-05,0.0054188221926151315,0.00291636130455294,-55.465343964803274,0.2862580267133904,True,True
06191500,0.000325354186474231,-149.2043499791558,0.006613566343414422,1.5899933536329048e-05,0.003987472073423091,0.0029402759264992463,-333.1314427021656,0.02844865824450081,True,True
06332515,0.008168733834547666,-0.34609782893108676,0.42623968517783983,8.982270192043266e-05,0.00947748394461487,0.0036089461777030997,-18.243540260265508,-0.0030493290915537445,True,True
06339100,0.011747594529891714,-0.5502543092303442,0.3921177571901822,0.00021394436091390413,0.014626837009890557,0.007020884353433514,-6.747204580540719,-0.03944034999705156,False,True
06339500,0.02845275197713348,-0.013826334308887356,0.496567148300394,0.0008207523297635429,0.02864877536237008,0.007692705042774801,-1.8306100303486361,0.19031831653751513,False,True
06344600,0.03508623168956276,-0.029242823161589326,0.4927946466465682,0.0012670428460568755,0.03559554531197514,0.008782744046484147,-1.5299652452567738,0.13458424010805925,False,True
06350000,0.04317984344275483,-0.11563783035753183,0.472670693277878,0.002080105484898094,0.04560817344400118,0.01184630471846127,-20.331349930781577,0.01166267206667563,False,True
06352000,0.0014330286625358576,-40.898084946114786,0.02331106391476733,8.604069838710114e-05,0.009275812545922926,0.007797189081452913,-366.0269311844487,-0.0004661270615894656,True,True
06353000,0.03370200555620915,-0.3488715431203493,0.4257363511124809,0.0015320822612527448,0.039141822405870996,0.011108079930519356,-4.545759801846369,0.07329704390157404,False,True
06440200,0.023111161926122985,-0.21311870733343863,0.45185104472090815,0.000647958006813154,0.02545501928526384,0.01172900405523831,-11.97459112859986,0.21236921481539806,False,True
06453600,0.011851223967917508,-5.22196682788595,0.1384664349521424,0.0008738846332703403,0.02956153976487592,0.02674280614908461,-0.9155622481350303,0.33056275677956914,False,True
06468170,0.03230398481580483,-0.07427671525332435,0.48209575542474015,0.0011210587106610765,0.03348221484103279,0.013207827078929505,-0.6447110477371116,0.3042596682554799,False,True
06470800,0.3931551911535894,-0.1663278655680105,0.4616106434737663,0.18028046956009688,0.42459447660102323,0.17664302023191267,-0.4716721500340184,0.41503477576120457,False,True
06479215,0.12103973715589342,-0.23779579388435446,0.4468682990346519,0.018134473302022877,0.13466429854279446,0.0652808586981634,-0.459766878182557,0.1305847067963301,False,True
06479438,0.0010735998247546708,-91.61279124478177,0.010682300855501332,0.00010674703905270966,0.010331845868609814,0.00913176297411373,-74.32699105298347,0.07833423886067724,True,True
06784000,19.237186173278374,-0.014641429851405041,0.49636624422727044,375.4876760280358,19.377504380802907,5.364299946717757,-0.3898730393057912,0.27056254069412394,False,True
06853800,0.0738870196708366,-0.0011252124592064927,0.49971885505909347,0.0054654345388506905,0.0739285772813916,0.016471935226903597,-2.399937028636407,0.2930683409536001,False,True
06910800,0.0017847895382544212,-60.90604366801824,0.015896723775499572,0.00019720007371938308,0.014042794370045552,0.0064988360915732065,-7.162294856438741,0.09052363499853541,True,True
07149000,0.0049987210361967975,-6.063281474158202,0.124018986960194,0.0001764917115943337,0.013285018313661962,0.010180424531735465,-1.1796122894202026,0.07285949455125403,True,True
07151500,0.0013089821971555957,-76.78142033872058,0.012693348199366065,0.00013327336070355198,0.01154440820066373,0.005087945786603232,-42.16620002564897,0.16753400108469496,True,True
07196900,0.004884281571056112,-9.861962310386746,0.0843030835736483,0.00025912521549552715,0.01609736672550909,0.006667124680943591,-1.707719507608895,0.4317059789687713,True,True
07208500,0.16763032898196858,-0.264224774418623,0.44165226495976595,0.03552462411877673,0.18847977111291475,0.09984964662412818,-2.628789105651918,0.13362643032307428,False,True
07226500,0.012126559206659587,-0.128772602707103,0.4697542606139927,0.00016598989216571222,0.0128837064607089,0.004119888066484309,-16.782369922689107,0.002229197740259611,False,True
07261000,0.01875087610300452,-1.4785567521667518,0.2874755455339666,0.00087144904024921,0.02952031572068988,0.017744269832708513,0.05579576283986609,0.476920387208987,False,True
07301410,0.07758844353252624,-0.06132130861148566,0.48512572776614044,0.006389118797657545,0.07993196355437257,0.03140450715722357,-0.9327119216107653,0.31902331608059736,False,True
07375000,0.005647790971578045,-6.111038853489875,0.12328876954765636,0.00022682466659863673,0.015060699406024832,0.004942555387317746,-0.9573222334731115,0.2802515996532416,True,True
08070000,0.012178191964290146,-34.425606020835644,0.027453215175829732,0.005253913513920125,0.07248388451180114,0.012409294580913069,-5.925851882972165,0.6921520216859908,False,True
08079600,0.012174718157285866,-0.047355663592557384,0.48843492011801676,0.00015524299682895514,0.012459654763634309,0.0044840174414759225,-8.893877800950591,0.31782625199884823,False,True
08086212,0.18098100122785224,-0.007167918150403185,0.49821441990837306,0.03298890167679347,0.18162847154780956,0.014209043860808306,-0.7930291048404767,0.031147866909016816,False,True
08104900,0.02646307341834743,-0.31761718213603585,0.43147764337781974,0.0009227197426029595,0.030376302319455532,0.013620030789099338,-0.16259004711974523,0.24852808906459214,False,True
08190500,0.00832436732498277,-2.9568972903390733,0.2017391003741366,0.00027419355924109223,0.01655879099575486,0.008623914947990082,-33.95730819799193,0.2195839048105533,True,True
08198500,0.01748104406840411,-2.815159375938225,0.20767744573462885,0.001165862733266642,0.03414473214518811,0.0051654393339682575,-1.0903793168088725,0.09769957433235227,False,True
08202700,0.04321654025082035,-0.4109531733753524,0.41477371317004574,0.002635193997963167,0.05133414066645284,0.015360685075975924,-20.61631823085687,0.5277537953202049,False,True
08267500,0.2978733539120115,-0.35337396078033967,0.42492184270978195,0.12008288880765555,0.34652978054945804,0.20818282082067172,0.3514178586599025,0.3807644847804672,False,True
08269000,0.172410757158467,-0.2787746565825433,0.4388323334698177,0.03801217664746815,0.1949671168363223,0.10597179363660586,-0.22650875449599273,0.3945047034872118,False,True
08324000,1.278679273976617,-0.10915977301179502,0.4741224504637884,1.813499172617683,1.3466622340504255,0.8452561810682583,0.18449868368190792,0.28830199527642597,False,True
08377900,0.026887945156242397,-0.23181719507045062,0.44806537121801926,0.0008905565237579314,0.029842193682065858,0.020814917379725847,-0.148274636056686,0.3380160965276581,False,True
08378500,0.03613274680501257,-0.48529599848332095,0.4023665593998707,0.0019391659049733893,0.04403596149709223,0.02878938234872713,-0.3394083697800585,0.016049988913066898,False,True
08380500,0.04704811510011655,-0.21889185701568703,0.4506754111689591,0.0026980477617096856,0.05194273540842536,0.00881645431750869,-2.4815517084642402,0.019826221157638584,False,True
09306242,0.011893638654167038,-0.4857341975327101,0.40229562798491486,0.0002101699396320946,0.01449723903479882,0.009555091652781322,-0.0019107447871256067,0.281868139321139,False,True
09312600,0.0042400078261218815,-6.617202686959183,0.11604693963080932,0.00013693952854511212,0.011702116413072984,0.008250227881994041,-4.258117914259241,-0.009253342520586787,True,True
09386900,0.029798864968634216,-50.06757536937256,0.01920581077390104,0.045346595084138575,0.21294739980600508,0.12650714975659813,-8.004978714260872,0.4180843247653151,False,True
09404450,0.13153626237364585,-0.39243150664656823,0.41798479798557886,0.024091555177023476,0.15521454563610806,0.09669840075065918,0.18241034554266322,0.25084181170916153,False,True
09430500,0.9586130627233735,-0.33697757252461313,0.4279031222878661,1.2286008388980414,1.1084226806133306,0.5867965926211006,-0.2571110347943071,0.42962898945105527,False,True
09430600,0.02487573521049276,-0.12656306929411332,0.4702423428861377,0.0006971197082668544,0.026403024604519355,0.0074492787895863955,-5.230021071051029,0.12484215564237602,False,True
09484600,1.604269732218816,-0.7397550810307385,0.3649961293707263,4.477575246872114,2.1160281772396403,0.6945209985451832,-2.2718898111433847,0.487537082204951,False,True
09494000,7.267897982188118,-0.3882109921507497,0.41872347262727844,73.32855451768982,8.563209358510967,4.549474803465308,0.32427810592106443,0.5779537810927332,False,True
09497800,0.008162411337710663,-0.36205187181355925,0.42336072798952135,9.074664990567875e-05,0.009526103605655293,0.0048530027697507,0.007178667697537278,0.19030842288627683,True,True
09505200,1.0771949243818275,-1.6383726269661874,0.27484815397642154,3.061432788982887,1.7496950559977265,0.6824546405889729,-3.384317700465946,0.39782892112036716,False,True
09505350,0.013415798846028103,-0.07723995102170034,0.4814080335341834,0.00019388558765801378,0.013924280507732303,0.0026138005838873862,-14.280918965944874,0.039704533038322457,False,True
09505800,4.202699651153139,-0.5221950649722156,0.39648003990167824,26.886050963609243,5.185176078361201,1.8838209347983403,0.25965588762272096,0.5610658594483265,False,True
09510200,0.009762627934799064,-1.4207272869003607,0.29233549363303224,0.0002307168650653396,0.01518936684214782,0.00942538449128593,-2.8270906461660865,0.12729698187564611,True,True
09513780,0.003867831075389391,-0.5195148592642662,0.3969018068391207,2.27321204238982e-05,0.00476782134983036,0.0032446391070793156,-23.846023716963582,0.3391037381601627,True,True
10023000,0.06548178327270514,-0.08318727653433133,0.48003365384586916,0.004644559663939605,0.06815100633108513,0.0342178411814798,-0.23567662941675604,0.4121924412995908,False,True
10172700,0.002703479464457541,-3.3433994577982213,0.18714677947960412,3.174504323327248e-05,0.00563427397570197,0.003784515777229486,-2.4102439783825944,-0.0050707486514570185,True,True
10173450,0.016079916704990774,-0.33948886198374195,0.4274437960572558,0.0003463432247133008,0.018610298888338705,0.010481146395066645,-0.11549384932910378,0.08842500922761774,False,True
10205030,0.3654061210643376,-0.04671236653334998,0.4885884388795506,0.13975874478665365,0.3738432088277834,0.22480417395282062,0.13503648946154867,0.6631534104321929,False,True
10244950,0.008468797279544069,-2.2487921511221534,0.2353610071831565,0.0002330050863680495,0.015264504131089537,0.010261229084345822,-1.1582548754722355,0.22814082755445816,True,True
10258000,0.06520283671055295,-0.25749687965807944,0.4429684971043947,0.005346134702389481,0.07311726678691895,0.018750414495002737,0.35381154207062704,0.35437490649489667,False,True
10258500,1.1008548763831083,-0.15648253026056191,0.46371810852516976,1.40151973591419,1.1838579880687505,0.12677123131371737,-0.5836529576771774,0.8145230377120394,False,True
10259200,0.3265671101075012,-0.3785639325429906,0.4204217453725835,0.14701843585629393,0.3834298317245203,0.10694248709271344,-7.746301521253455,0.7647977161673195,False,True
10263500,0.1539316577327904,-4.66398916402413,0.15006026801462233,0.1342079697914316,0.36634405930959435,0.158306430434912,-1.1173664061655781,0.3925064288393241,False,True
10310500,0.05749148499008284,-0.7473832175671566,0.36398271402615356,0.005775574806452052,0.07599720262254428,0.03293597557433173,0.293527873354685,0.4972349251783377,False,True
10329500,0.00277131884987051,-2.0748516094985785,0.24540770949032245,2.361550044557537e-05,0.004859578216838923,0.003973832147585966,-25.343741672784308,0.056212488572380724,True,True
10343500,0.044921858464463595,-0.00659170749244864,0.4983574866107948,0.002031275258070056,0.04506967115555711,0.015917951380457766,-0.10830518810029721,0.19300696661109995,False,True
10396000,0.0020482732681615903,-1.5382121130134356,0.28262861808709283,1.0648874445039884e-05,0.003263261320372594,0.0024828992692759984,-1.9052342138284355,0.18713658193378532,True,True
11098000,0.0557538940307179,-3.7913566801943466,0.17267111235263133,0.01489391642693554,0.12204063432699594,0.025065992306987354,-0.6613769857627254,0.4892912876644603,False,True
11224500,0.002868354329434327,-9.37427681352956,0.0879176774395461,8.5353911816271e-05,0.009238718082952364,0.007685229199288491,-88.29473337127253,0.14527156668282498,True,True
11253310,0.1932919487702599,-6.5657513124552125,0.1167439916853445,0.2826699168491513,0.5316671109342305,0.07474679242643477,-1.8192930637361107,0.3049014656607622,False,True
11274630,0.0016532050850001287,-27.93824252780643,0.03340209429699178,7.909073599135562e-05,0.008893297250815111,0.007101967495836751,-21.234122008745214,0.07259161697211365,True,True
11468500,0.0006869392082782739,-140.187536319756,0.007032965236497011,6.662434776315839e-05,0.00816237390488566,0.007954598669276313,-171.9050492706724,0.4356784940426146,True,True
12114500,0.01548209282963103,-0.07435306095277805,0.4820780120914839,0.00025751727008094396,0.016047344642679796,0.010003915397069787,0.5106146610547959,0.6393886001167693,False,True
12374250,0.001627710375351848,-14.590373801668687,0.06027591734548009,4.1305776584868926e-05,0.006426957023729731,0.004340352850190679,-14.054242551021265,0.14225856998240963,True,True
13011500,0.020634292805782634,-0.003855914193692911,0.4990378763846291,0.0004274157877573524,0.020674036561768784,0.011434585840893194,-0.09018512696361425,0.4066396061105182,False,True
13161500,0.06030572690138705,-0.09074338748571442,0.4782987744864183,0.0039667944971026135,0.06298249357641068,0.039896271082069966,0.06816027866260133,0.5264537195977168,False,True
14222500,0.023339379064862317,-0.03329437079470332,0.49181270275644096,0.0005628629450393262,0.02372473277066206,0.017969616217665414,0.37855804045079555,0.5929577637574202,False,True
