basin,std_obs,NSE,NNSE,MSE,RMSE,MAE,KGE,Pearson-r,low_var_flag,neg_basin_flag
01078000,0.004984973625852713,-11.867546870138503,0.0721108072944997,0.0003197580514052917,0.017881779872409003,0.010029004371691285,-2.0239109922063614,0.26119809898418517,True,True
01170100,0.0073746416531355165,-2.6784174199307578,0.21374749412907246,0.00020005198025038284,0.014143973283712849,0.01155232292064802,0.028908272087944553,0.4498442901944694,True,True
01440400,0.01145941999381803,-8.861931177393123,0.09206465992725994,0.0012950521019689028,0.03598683234141208,0.033592783669702864,-0.1029003387581311,0.3297008280165845,False,True
01466500,0.12680552144331358,-0.3040040279657026,0.43402701899047463,0.020967915678377417,0.14480302371973253,0.1083708864083227,0.05551914828814508,0.6583033771154715,False,True
01484100,0.04503032874455597,-2.015249543460121,0.24905052330527258,0.006114113485017863,0.07819279688703981,0.059016405487545213,0.0738832043129245,0.32381441879530315,False,True
01605500,0.31618322132952975,-0.03377122513173614,0.4916973883998313,0.10334800060951664,0.32147783844227373,0.19192849413786936,0.22959556775201662,0.3909311446689767,False,True
02014000,0.004141553396481093,-14.567604819239152,0.06035875498664411,0.000267022789570969,0.016340831973035187,0.009450812109255498,-2.777678123087591,0.28186200973581454,True,True
02028500,0.011954534419572836,-4.153413052598564,0.16251143738477034,0.000736478862317432,0.027138144047031514,0.02420952728958468,-0.19072776181108875,0.34977612978889916,False,True
02056900,0.055053917187331734,-0.07059867646261586,0.4829521101155087,0.003244913712230863,0.056964144092848994,0.03215964384336226,-0.42420375123047016,0.5623124460500413,False,True
02074500,0.02933944502735298,-0.19776910538512493,0.4550068510608013,0.0010310432805615177,0.03210986266805758,0.01729857889755275,-1.1075035401171314,0.34385487435169204,False,True
02092500,0.06332915370273966,-0.0818728876820205,0.48033672272537764,0.004338939614481613,0.06587062785856541,0.0375061217411005,-0.18608998752186712,0.5588076359270001,False,True
02108000,0.021899176343657303,-1.4065922304693732,0.2935484884441882,0.0011541388807110467,0.03397261957387223,0.023595102743025027,-0.953053684905004,0.36485522575464946,False,True
02111500,0.07921667936868633,-0.1261812085088072,0.47032679811018924,0.007067104993312764,0.08406607516300951,0.05067354444446887,-0.10908058352655159,0.47637164925544767,False,True
02137727,0.01322786137965635,-11.939461732174115,0.07173878154074402,0.0022640993537099276,0.04758255303900714,0.02832350918300274,-1.853752638339428,0.42575884146488585,False,True
02140991,0.01489550578448907,-3.248920484387824,0.19051536463056726,0.0009427338747410223,0.030703971644414706,0.02078163367883842,-0.7232070813102309,0.29984416038248696,False,True
02177000,0.05351513734874234,-0.6767387983033244,0.3735889361464254,0.004801961817304041,0.069296189053252,0.05159823761916515,0.3026213048113813,0.41909072251467777,False,True
02231000,0.0499937562863878,-0.32753537195723204,0.4296390130299488,0.003318009606578409,0.05760216668301991,0.03512409572653659,-0.3811190512492262,0.32091500484565816,False,True
02235200,1.6556586319797948,-0.05890101121267577,0.48569600702221627,2.902665281873698,1.703721010574706,1.0180678539150918,0.02801567030220853,0.32601828591835114,False,True
02361000,1.423736787120914,-0.523440123451389,0.39628441773061307,3.0880534084714957,1.757285807281074,0.9296961538930532,0.20891074029558354,0.3432901740658864,False,True
02369800,0.060879239570317094,-0.5335336831368864,0.3947056266336484,0.005683707995844775,0.07539037071035515,0.048011359343079076,-0.5026818716678487,0.341153672062559,False,True
02374500,0.006482397681806576,-19.712410835525745,0.046056608249315394,0.0008703661515685574,0.029501968604968676,0.028209411968997223,-1.7938667767046437,0.27474035128767355,True,True
02422500,0.0396716716697968,-0.0821433130354976,0.48027433738080616,0.0017031220907959004,0.04126889980113233,0.018301085371631862,-2.4862635220202107,0.3156534439204847,False,True
02479155,0.10664592169826599,-0.006644907044236481,0.49834427431058925,0.011448927485779834,0.10699966114796736,0.04925355632494041,-0.48399068191046934,0.5492689368687207,False,True
03066000,0.056408065812454375,-0.05564345541200111,0.48646568419598596,0.0033589201239809727,0.05795619142059779,0.02338529102641549,-0.389072158970849,0.4189190665392728,False,True
03159540,0.012383746324237641,-4.7819365938745735,0.14745050859118872,0.0008867014506352388,0.029777532648546268,0.01436907781376276,-0.879476440964984,0.5707006785318491,False,True
03173000,0.027298534140496388,-0.13096653028380167,0.469270627102163,0.0008428075298285693,0.02903114758028985,0.0150974854333717,-0.7267262535504138,0.4164365713409627,False,True
03241500,0.030496990123909475,-0.1820772404422002,0.4582789194929457,0.0010994103313628004,0.033157357122708085,0.013629988616476588,-11.613834665157613,0.4065916346107658,False,True
04063700,0.006272409328713661,-4.923013189116306,0.14444577421463006,0.0002330298114759805,0.015265313998604172,0.013482020443107798,-2.116637764430235,0.20619719320109975,True,True
04122200,0.40444480697054125,-0.5295154666010544,0.39533262919467893,0.25019141304235454,0.5001913764174214,0.3766000577061009,0.0903669930445552,0.5152614564234169,False,True
04124000,10.80207917445045,-0.1657598910861986,0.4617317017070012,136.0265932085426,11.663043908368973,9.316120065653545,0.36730880011218203,0.6433343699802202,False,True
04127997,3.046290327010841,-0.057460920023509,0.4860359631951473,9.813115472256985,3.132589260062191,2.4135511366338323,0.3520915597805927,0.5880545242074751,False,True
05056000,9.61167522751999,-0.17995565132579472,0.4587249283680725,109.00937768034682,10.440755608687851,4.820070970134559,-0.4006727712840936,0.24691712207112923,False,True
05057000,18.92141222211232,-0.06445970807887802,0.4843882377973697,381.0976948828309,19.521723665773752,8.118639601672694,-0.2781300263247075,0.42636647750164325,False,True
05057200,0.30716520792691016,-0.1682867537874948,0.46119361207793735,0.11022839842737273,0.3320066240715277,0.1326204985496679,-0.6328802795664801,0.25847254661420277,False,True
05062500,0.03025498769476011,-0.327664102001761,0.42961525210618356,0.0012152962953551447,0.03486110003076703,0.01927218719647659,-4.03686984930286,0.2485247886103975,False,True
05087500,0.2578512908053642,-0.19335990532865033,0.45592152823189375,0.0793432639161009,0.2816793636674524,0.12394614034849825,-0.512920431518284,0.30597454750595066,False,True
05120500,0.01861143057456143,-0.8721722256950106,0.34816853636206274,0.0006484930279726861,0.025465526265378575,0.017353132534126518,-7.586069514742913,0.07763389793992714,False,True
05131500,0.015109445779620324,-2.361718041149817,0.22926745621007272,0.0007674646027467306,0.02770315149485218,0.02263123487506585,-14.556326858187854,0.006749194594901551,False,True
05466500,0.02724296591339867,-0.08164261304737841,0.48038985834175935,0.0008027726403231652,0.028333242672224535,0.01850527757184096,-0.2892308729175084,0.5451281141854726,False,True
06280300,0.0037125440810362093,-31.268080568966916,0.03005884267735057,0.00044475042378950435,0.021089106756558097,0.01893950685847354,-7.3599018291467555,0.034932901202524166,True,True
06289000,0.13270972426467495,-0.8326715393967798,0.3530236337295043,0.03227677458036192,0.17965738109068027,0.12633886378710063,-0.6077502896902172,0.2284700239506871,False,True
06332515,1.1227621962513294,-0.01444721112049785,0.49641410034456507,1.2788070307015285,1.1308435040718625,0.15490552641263006,-0.6937766932489389,0.049473176386644495,False,True
06339500,0.009292393223263444,-4.781492357626172,0.14746016765401843,0.0004992236080447071,0.022343312378533025,0.019870853933593335,-24.62952179249657,0.07290593321188109,True,True
06350000,0.04398598862252987,-0.18450464286843782,0.45776968397142703,0.002291740725467066,0.04787212890051022,0.01953003048424522,-47.67757642898895,0.08795187503225778,False,True
06352000,0.16581338527342132,-0.16443335496212552,0.46201468745037827,0.032015022343957755,0.1789274220010945,0.07765314942832223,-0.6439192711139072,0.3318977792501237,False,True
06353000,7.555658516476748,-0.0752138534200748,0.48187804758142927,61.381782247759155,7.83465265648447,3.2006263706307876,-0.32481703434121867,0.4278012814725398,False,True
06408700,0.15957901998441215,-0.24324412137892937,0.445782958024781,0.03165978794274126,0.1779319756051207,0.09356896049521074,-0.46160698553651835,0.5165116337565806,False,True
06431500,0.15097750154924286,-0.09798487570644565,0.47664785937185283,0.025027693413246198,0.15820143303158224,0.052055145537408386,-0.9876398322874607,0.20890462678891253,False,True
06440200,0.2790914692955012,-0.011196826614880306,0.4972163772171105,0.07876419199227033,0.2806495893320892,0.05983672606190077,-0.7660233058812267,0.45281802661451664,False,True
06450500,0.06505471953307967,-0.18181912700493275,0.4583331347785637,0.0050015962670367994,0.07072196453038335,0.029075313148598673,-3.0084171167979026,0.13910985740042472,False,True
06464500,0.11997704716471942,-0.02730537244537823,0.49326559954496596,0.014787538807392274,0.12160402463484617,0.03166420119597257,-1.9850577981967015,0.4279783400658781,False,True
06468170,6.782060918635401,-0.11936857687736357,0.4718386461468541,51.48686918143258,7.175435121400833,2.379295151262256,-0.6482398719226614,0.0334873259318337,False,True
06468250,8.052503549365412,-0.1028004827977318,0.475556291802597,71.50868593731516,8.4562808572868,2.9996386652374007,-0.4504444413569284,0.1419439367219097,False,True
06470800,0.07468903282650906,-0.3228130781028149,0.430512471893245,0.007379248764530998,0.0859025538882925,0.04372343875357096,-1.3923175416226274,0.18245856191112325,False,True
06477500,0.1960326504629274,-0.05912677394612498,0.4856427552945626,0.040700971020950834,0.20174481659004484,0.053908961570943305,-0.96230114357307,0.19242055487325802,False,True
06479215,0.914670828511991,-0.27118670597214356,0.44029845603202694,1.0635036853377633,1.0312631503829481,0.5172504631140781,-0.4717647652991266,0.28898288897082863,False,True
06479438,4.245832953954119,-0.08505184874153549,0.47960438039157877,19.56033544039531,4.422706800184171,1.8765403842643302,-0.34159249419810034,0.39991777588810645,False,True
06847900,0.017131668093732056,-0.9807140499399212,0.33549008165347355,0.000581327791724083,0.024110740173708543,0.014874379228483055,-52.765059394049096,0.039748475618659164,False,True
07057500,0.02197270025669151,-0.5214996873005484,0.3965893809293206,0.000734579374350724,0.02710312480786531,0.019356564735881605,-1.2926640922234478,0.47748436772876257,False,True
07068000,0.03311355843502758,-0.26801104969471456,0.44091495944634174,0.0013903839459035367,0.03728785252469679,0.020856433026424634,-0.8260455442075336,0.37078113945302626,False,True
07142300,0.37703549148388377,-0.11167705489005719,0.4735572599438337,0.15803129865626916,0.3975315064951068,0.15937578516526582,-0.41004167289771476,0.19306904005682704,False,True
07180500,0.013615273534355384,-1.6465391480182694,0.2742326242523559,0.0004906039767838891,0.022149581864764154,0.013767037283413438,-8.741929125543207,0.39175390335055255,False,True
07184000,0.00034239513203574974,-9924.344567643875,0.00010074201970175621,0.0011635920776247519,0.03411146548632515,0.01480031405726789,-1060.8658212793937,0.3749193055473551,True,True
07208500,0.22740458861864968,-0.8285107362855242,0.3535429394598045,0.09455749580591827,0.30750202569400786,0.21606042211040843,-3.825523013293532,0.025441282182773202,False,True
07292500,0.003339854037426359,-46.63708994980694,0.02056044062323612,0.0005313738740675492,0.023051548192421896,0.021399202440317514,-14.839003797338629,0.16051782469299516,True,True
07315200,0.14520195540053366,-0.07222188814673092,0.4825738043401998,0.022606305820165255,0.15035393516687634,0.03431691675875702,-0.9604844639919692,0.21203673609046728,False,True
07359610,0.057707591935203306,-0.04637010181712031,0.48867015752039544,0.0034845863111898035,0.059030384643756165,0.04149819990915652,-0.19111191083978252,0.6525675863311067,False,True
08079600,0.5870657098804576,-0.00194503268008539,0.4995142142645441,0.3453164957378215,0.5876363635257961,0.11731443340373841,0.03266506592565588,0.23321143943522651,False,True
08104900,2.5779316591928736,-0.0968693401578018,0.4769014362739188,7.289499278250105,2.6999072721577133,1.202962401103843,-0.14583484544233882,0.2893663919094255,False,True
08164000,0.030998732910298046,-4.4888523993551255,0.15411045566383694,0.005274355962754971,0.07262476136108793,0.02086798214471763,-0.6512403599790337,0.1341692768708786,False,True
08171300,0.030864131557791784,-1.6969918779727169,0.27049018039724776,0.002569139944555115,0.0506866840950867,0.03050376602237598,-0.7550986370949395,0.14609055486785866,False,True
08190500,0.04846534126804653,-0.14638244594825367,0.46590019494788054,0.0026927254658428313,0.05189147777663333,0.03088511690858568,-3.1298603148862316,0.5408812487913032,False,True
08194200,0.07386319327279428,-0.06272243581276782,0.48479620070936646,0.0057979705869104885,0.07614440614326497,0.01724686415549023,-9.770183403518207,0.09134892534120971,False,True
08202700,0.06345403093829524,-0.4859285800699489,0.40226417123047925,0.005982963700675481,0.0773496199129348,0.041641570489958236,-1.1010495320290654,0.32903801161415236,False,True
08267500,0.015538872568228003,-1.8519568157329829,0.25960831022704794,0.0006886236839679352,0.026241640268244194,0.02002304989688248,-0.46979510511503797,0.09706081782790492,False,True
08269000,0.536366064792815,-2.707933600369212,0.2124074137157705,1.0667300612367479,1.032826249296922,0.6756362350022137,-1.8193312561160555,0.4798489615490159,False,True
08271000,0.44338547661061134,-0.2989456870489442,0.43498200311276436,0.25536061702908736,0.5053321848339836,0.2944060132268633,-0.23548395180675352,0.6131980316862219,False,True
08324000,3.393064183909879,-0.41518863645391835,0.4140463336512886,16.292903396643844,4.036446877718552,2.8245265126997277,0.05737644684618881,0.3056463340426202,False,True
08377900,1.448640843006409,-0.48475118008653006,0.4024547842110998,3.115839870068811,1.765174175561384,1.1332054050975917,-0.017511362371397166,0.33106879538540324,False,True
08378500,4.463837088375021,-0.7357962730793737,0.3655242935448604,34.58720150315475,5.881088462449341,3.521173819100596,0.21429119012584363,0.26230916936710974,False,True
08380500,0.0016370658380737775,-120.93898082419567,0.008134116561695048,0.00032679458565005134,0.01807746070802123,0.015092865762613882,-1159.3847730969705,0.01860417988821252,True,True
09034900,0.01887479411058415,-2.206719124625575,0.23771494373040805,0.0011424188696054596,0.033799687418753735,0.02693943343017758,-2.4759545934994525,0.39009161244437324,False,True
09306242,0.029336874515129573,-0.8010448123293987,0.35700963997372903,0.00155007319140611,0.03937096889087326,0.028689934719904407,-0.634820328087953,0.3498891049512662,False,True
09312600,0.18581487404812647,-1.3726786231039347,0.29650023371621537,0.081921872047883,0.286219971434355,0.21606790645065985,-1.1268658336327606,0.29722662005905637,False,True
09352900,0.032092987847940325,-0.25520125249629944,0.4434194060920693,0.001292806917599823,0.03595562428327206,0.02784288999711221,-0.16949894753597294,0.5570278885066442,False,True
09378170,0.14332943140728566,-0.02123456894491893,0.494747128989585,0.02097955457787731,0.14484320687514934,0.03717392906721352,-0.5384083637245485,0.12702131032995087,False,True
09378630,0.10629688467127221,-0.01749679027895934,0.49566373776571415,0.011496724408680135,0.10722277933666957,0.024613639915054716,-0.47106856236060635,0.0764534586355895,False,True
09386900,0.06576887766446417,-16.6948304562424,0.053490723135501315,0.07653979017006074,0.27665825519955256,0.24099973689770313,-5.560028576772194,0.37027541262077207,False,True
09404450,0.6316102145271915,-0.6445778809435303,0.37813218026433043,0.6560738602186167,0.8099838641717604,0.48244134698073815,-0.5024209351696918,0.06322922337694259,False,True
09430500,7.361422364544138,-0.18325583634741838,0.4580315249141839,64.1212718177772,8.007575901468384,5.2844157788804464,-1.0634334383058337,0.5426572639310553,False,True
09430600,0.9068341628624733,-0.6362939683112794,0.37932036867670194,1.3456033977681383,1.1600014645543075,0.676533791981026,-1.0244333297771826,0.4102116476882362,False,True
09484600,1.5951559944444926,-1.1714072589121316,0.31531743429982056,5.5251949453200355,2.3505733226853476,0.5282362875860434,-2.651957012254688,0.4465080370371421,False,True
09492400,1.3814409857838572,-0.017368477308854935,0.49569526402731734,1.9415248379867942,1.393386105136259,0.8699602181087536,-0.024997129519732653,0.30447500032651625,False,True
09497800,15.03043357542461,-1.8551135874977884,0.2593957291538751,645.0099410417106,25.397045911714034,18.043557542091023,-0.09536648089815203,0.42612839476489245,False,True
09510200,3.1884345848942712,-0.403872071893538,0.41599551477475116,14.271925071563372,3.7778201481229057,0.6188326152097381,0.29333065816585313,0.5558849352782366,False,True
10166430,0.26839953066516237,-0.32182390233646596,0.4306958848143882,0.09522195747927686,0.3085805526589076,0.19953379270394844,-0.10687365254821324,0.36982763161631793,False,True
10172700,0.04605426605748588,-0.5423296809104985,0.39334001703581756,0.0032712741925703982,0.05719505391701627,0.04601247867694086,0.13237658311688794,0.32452470197544037,False,True
10205030,0.461804452459795,-0.8694542421983702,0.34849832602100383,0.3986860786845365,0.6314159316049418,0.45051447645133125,-0.3884082531836168,0.6528474034106191,False,True
10242000,0.005706232876400874,-5.732287181218058,0.12932784007674056,0.00021921063331711564,0.014805763516857738,0.01091880179458153,-9.097867734834514,0.130902416714842,True,True
10244950,0.029876464861432365,-3.0674319333534967,0.19733861513127926,0.0036306025667639614,0.060254481715171705,0.04184621296787398,-0.6075963242373184,0.3892077287790395,False,True
10249300,0.2528444334268237,-0.8069299586195535,0.3562611161454842,0.11551758791249049,0.33987878414589295,0.23689721472905523,-0.2415007518986425,0.5346252579208737,False,True
10258500,1.6710423498540574,-0.5781962005870542,0.38786807604956536,4.406927507331752,2.0992683266633048,0.3236378750236885,0.05618751966195834,0.8061048678812875,False,True
10259200,0.0018813203329935174,-68.78371854215074,0.014127542612846959,0.0002469901343928493,0.01571591977559218,0.014178700805300686,-1003.3429196914963,0.5056488072517961,True,True
10263500,0.4689702651948348,-1.064853309212276,0.3262798898055641,0.4541296092391276,0.6738913927623112,0.3016288132986206,-0.04904986563080138,0.4549276585420491,False,True
10316500,0.05521256280030752,-0.17109810148947835,0.4605964140054066,0.0035700071787733143,0.05974953705907113,0.027499163718879886,-0.9366396742113725,0.2338673331131558,False,True
10396000,3.348662401308736,-0.19106246100246738,0.4563995859535991,13.356026403567084,3.654589772268166,2.1410595757834825,0.09181170336263123,0.7965086528052603,False,True
11151300,0.0005818957095809165,-1083.2513748141857,0.000921445503970191,0.00036713035281217543,0.0191606459393251,0.016318788165208053,-2471.4590436351123,0.07793220256106949,True,True
11176400,0.016219204627256463,-0.3504173876390422,0.4254563488421453,0.0003552443073771123,0.01884792581100404,0.010915460579091445,-11.849085939823853,0.2603925924440362,False,True
11224500,0.023676990569064856,-27.897802584147943,0.033447274166236156,0.016200104730510975,0.12727963203321643,0.06327326873142312,-46.701783989270446,0.10477814561461954,False,True
11274500,0.008167022148338855,-2.59798034588862,0.21748679306430066,0.00023998619134154596,0.015491487705883704,0.009937804480657808,-3.330735245838121,0.428633496082842,True,True
12374250,0.009882490770544487,-2.3097366313446153,0.23203274017419606,0.00032324087333967085,0.017978900782296754,0.014175097769475016,-0.34493378005472497,0.4334642176627969,True,True
12447390,0.041478463173572046,-0.13228722896832656,0.46897996968440037,0.0019480581777831245,0.04413681204825655,0.02850483281035272,-0.14956429969600404,0.5037370982702976,False,True
14020000,0.040222592500700524,-0.027281283883172636,0.4932714606256029,0.0016619941621439048,0.04076756262206394,0.015229691338367178,-3.338772640508351,0.3602884086815481,False,True
