basin,std_obs,NSE,NNSE,MSE,RMSE,MAE,KGE,Pearson-r,low_var_flag,neg_basin_flag
01031500,0.006330224412138184,-0.9694824761454739,0.33675901711265405,7.892059190090372e-05,0.008883726239641997,0.005871922497394011,-61.117619019141,0.2004289285246985,True,True
01568000,0.017315555500575616,-0.024378135598688067,0.49397885820588583,0.0003071377212036519,0.017525345109402322,0.008984853568636628,-0.8841613187919737,0.4644226204470563,False,True
01606500,0.007200082727531609,-0.32643239212825925,0.429842708253036,6.876383536468497e-05,0.008292396237800323,0.005448167450814092,-0.06248504153990497,0.028922632337058326,True,True
02108000,0.00175451398384087,-16.184192318212936,0.05499281917506005,5.2898431203040844e-05,0.0072731307703794825,0.004349514274064967,-65.34438236942383,0.6153328538266595,True,True
02196000,0.002526426659528775,-17.974115935455927,0.050064794017987364,0.00012110858802676065,0.011004934712516956,0.008189374128823363,-157.49481841317467,0.06386994678937308,True,True
02315500,0.048678406792843895,-0.7643644453443381,0.3617468028443829,0.004180815560892312,0.06465922641736685,0.028742366195408674,0.10318793204758037,0.10959880295703643,False,True
02361000,0.019568774020325294,-0.2640880741907907,0.44167893086818666,0.00048406598951547617,0.022001499710598733,0.013697109770378763,-3.3020441970094607,0.37909188756204415,False,True
02363000,0.009814071658810536,-2.2878364625634786,0.23321784977828913,0.00031667126502764504,0.017795259622372613,0.010089222278668292,-39.91765607426828,0.34419226987534335,True,True
02372250,0.02563208642045726,-0.07005376906508132,0.4830792392661567,0.0007030294505473935,0.026514702535525334,0.010541412851978406,-0.9481168552845058,0.14828122557309,False,True
03182500,0.0006067921249548574,-350.9258700105646,0.0028334562155221594,0.00012957793796713134,0.011383230559341725,0.00910671407337354,-1844.8515244616983,0.03747915938221893,True,True
03498500,0.00852526150752396,-2.529017776240092,0.22079842681257517,0.0002564893076088414,0.016015283563173065,0.005620618756391557,-0.30157161809986843,0.5582678940100848,True,True
04124000,1.1699135443050273,-0.5525632663419486,0.39176306154130686,2.1249897735296006,1.457734466056696,1.0973358384775547,0.09683835542147323,0.660580178419533,False,True
05057000,0.6569622451503172,-0.01765182777336416,0.49562565068700565,0.4392179096797267,0.6627351731119503,0.13276064361340992,-0.4114985254372854,0.5249396913610862,False,True
05123400,0.00017121020085282846,-3910.8555230151846,0.00025556783124704174,0.00011466795836701162,0.010708312582615976,0.007930894469435028,-2993.022433252667,0.01580079389975816,True,True
05131500,0.009056601861701196,-0.360755933491129,0.4235931321037418,0.00011161197390765423,0.010564656828674286,0.008046372182199288,-0.4374908760837761,0.13790213302178198,True,True
05412500,0.04281695291816354,-0.17674849564083073,0.45940079986392823,0.0021573229643268533,0.04644699090712824,0.011598540132847819,-1.4291872254338727,0.23067337591427226,False,True
06043500,0.004894200774749453,-3.1576729294037262,0.19388588878892116,9.958957629974792e-05,0.009979457715715215,0.008678805192746561,-1.550140227158482,0.2413986695291873,True,True
06339500,0.017174310063693826,-0.04977313612708367,0.4878588670985495,0.0003096378574014767,0.01759652969768405,0.006187432702627845,-8.406827503681868,0.23590872154669656,False,True
06353000,0.00773015003608251,-2.0846926961299794,0.24481645851778394,0.0001843264893951378,0.013576689191225443,0.011635522825358464,-20.283077776535908,0.28795926934882954,True,True
06440200,0.009659912587913924,-0.7372818203203071,0.3653259202528819,0.0001621125615214067,0.012732343127696751,0.00957294197397242,-13.06877083623389,0.2763910476829067,True,True
06453600,0.033615174700805606,-0.0049546506996329676,0.49876439831247454,0.001135578626215434,0.033698347529447704,0.012149264881330371,-11.861374245858698,0.3663999439404806,False,True
06468170,0.3367601723755045,-0.10159651703474748,0.47582872920390656,0.1249292119360536,0.35345326697606516,0.11379667108983835,-0.6405471983743374,0.010104841719863172,False,True
06468250,0.5449852729432438,-0.1259127335279817,0.47038619423502204,0.33440615621534897,0.5782786146965396,0.1906711778610533,-0.6369418058369507,-0.01217799057721956,False,True
06847900,0.0009887465461460839,-111.68678316562011,0.008796097243275758,0.00011016482281644058,0.010495943159928058,0.009966378105649116,-1100.4263398946518,0.13647639711758505,True,True
06878000,0.05155896223785534,-0.7857708375312284,0.3589670717086721,0.004747162095778154,0.06889965236326054,0.013430574465643033,-0.7899221316275851,0.456833914860772,False,True
07014500,0.017097636258794634,-0.05026572749482505,0.487741655430137,0.0003070233038168006,0.0175220804648535,0.007536449182000917,-7.780733454104878,0.2992374325857361,False,True
07142300,0.00045849551296441683,-3590.4711934559323,0.00027835992166662496,0.0007549923776616597,0.027477124625070574,0.020210909509853915,-1920.361287632827,0.078494183200046,True,True
07226500,0.005182413668802251,-4.109496207799813,0.1636796171054709,0.00013722784187634882,0.011714428790015705,0.010510074243178616,-117.4667845986853,0.09584517238175959,True,True
09447800,0.07272464189225347,-21.6688100725451,0.042249694722083266,0.11989246973871324,0.3462549201653505,0.07704167197132471,-23.73786122024144,0.8060959517125612,False,True
09484600,0.052734238292696266,-0.01675087696280797,0.4958470634241065,0.0028274824001858555,0.05317407639241001,0.010796525898873262,-4.473200153588233,0.15732461040791004,False,True
09494000,0.05321734631196645,-0.6674937545063893,0.37488372683558413,0.004722485631328659,0.0687203436496694,0.043536236376183896,-1.69975759236638,0.39372238873564147,False,True
09497800,0.00011415149775936951,-9099.87732057947,0.0001098674443500778,0.00011858956839278276,0.010889883763970246,0.010807916320081734,-16585.899198550123,-0.008167801295241422,True,True
11482500,0.2502842320099472,-0.048041524014591275,0.4882713501041669,0.06565162339435758,0.25622572742477984,0.09849856336733588,0.09739505696532835,0.6467713843816576,False,True
12411000,0.0058086204847939815,-0.393425889851412,0.41781114019038285,4.701428976158461e-05,0.006856696709173055,0.005275995874322538,-0.296934136309321,-0.07990336005521355,True,True
13338500,0.004985439065730659,-4.306814596814397,0.15855864868853206,0.00013189876829023433,0.011484718903405269,0.00888453536420446,-0.8783663169930709,0.12479071140934156,True,True
394220106431500,0.021089245823161244,-0.022663799257834905,0.49439753673691333,0.00045483615665111224,0.021326888114563555,0.01728433757002912,-0.4692882971782144,0.4887163460478574,False,True
