basin,std_obs,NSE,NNSE,MSE,RMSE,MAE,KGE,Pearson-r,low_var_flag,neg_basin_flag
01030500,0.09578430983909525,-0.0708378285213267,0.4828963360757447,0.00982454516219387,0.09911884362821163,0.03879893357282211,-0.5582899474544074,0.010291854868457158,False,True
01031500,0.027411263083864268,-0.44765544880559816,0.40855423523273177,0.0010877355059376124,0.03298083543419742,0.021498714331513707,-6.0115264032805396,0.5712341248760084,False,True
01054200,0.013088851301066766,-3.383342632535048,0.1857581930520915,0.000750945617526203,0.027403386971799726,0.008411679846997493,-18.403698791375856,-0.07467216573092056,False,True
01169000,0.0026515803079340938,-4.592116247364775,0.15169635401981177,3.9317487820792844e-05,0.006270365844254452,0.005233617682736886,-131.77529382411066,0.23321064952375634,True,True
01170100,0.005063304182572443,-1.834477669483773,0.26079171303001164,7.266764359713278e-05,0.008524531869676643,0.004269893205647475,0.017865906484392458,0.29893034387570183,True,True
01181000,0.00951785239829472,-0.057089365792269975,0.48612375166056965,9.576121219315546e-05,0.009785765794926602,0.005914953915688219,0.21725892464777186,0.565152287047999,True,True
01423000,0.01620100882145577,-0.33028142574287234,0.42913271717007706,0.0003491625400586164,0.01868589147080268,0.01240903392904029,-7.6534601613214885,0.4285882630202511,False,True
01439500,0.0018973824588729288,-31.376074699531245,0.029961582031515666,0.00011655581780385659,0.01079610197264997,0.006552947978379249,-2.7009687218350895,0.10639364920468838,True,True
01487000,0.009598833308328052,-3.472251498751291,0.18274013908684375,0.00041206252363170493,0.020299323230879025,0.007013746283624145,-0.3533903720957574,0.3266287886238194,True,True
01547700,0.02244765374979931,-0.47248967988424595,0.4044506264822172,0.0007419833661603616,0.027239371618309437,0.011065092952356446,-0.14025399819840856,0.4386617689816381,False,True
01632000,0.08353319768703456,-0.4142660099536746,0.41420456398638034,0.00986845845672668,0.09934011504285004,0.03184179607265889,-1.3299133098419595,0.307103033331389,False,True
01664000,0.007342807639063833,-2.950231559878407,0.2020107520029958,0.00021298393986917717,0.014593969297938693,0.007558530098218401,-0.2674784210899246,0.30928839590945256,True,True
01667500,0.04355666449809391,-0.3210926528446292,0.43083157355844626,0.0025063545517293472,0.05006350518820418,0.02670901903252437,0.2751886116878003,0.36660577183338894,False,True
02014000,0.013925293249513408,-2.722752807259894,0.21174091484584653,0.0007218931138506356,0.02686806866618134,0.010653050099386658,-0.24645194591117714,0.39441938324182596,False,True
02015700,0.01391182393736935,-1.0135904992314138,0.3318300878155277,0.0003897079800565397,0.019741022771288717,0.01599634758300169,-0.9671716357677307,0.7453172672684353,False,True
02018000,0.004560271866803382,-0.9432813515188605,0.3397568497771906,4.0412633475418204e-05,0.006357093162398849,0.005547673022775001,-5.014982813219432,0.11487265473649158,True,True
02046000,0.008536307782515554,-9.146796395494992,0.0897118745619282,0.0007393823461451911,0.027191585943912706,0.01809581063102461,-2.2142849018260833,0.3397494081734819,True,True
02055100,0.005480054574838702,-2.9747121493855446,0.20101665583274317,0.00011936457317799383,0.010925409519921613,0.007862900008765676,-56.184211339479056,0.5105090362545792,True,True
02081500,0.008111918633970516,-0.2566268721408005,0.4431392767433135,8.269009945659546e-05,0.009093409671657572,0.0050119447824066386,-6.5451625133393465,0.23832889645601135,True,True
02137727,0.05331949034234911,-0.7655295081154929,0.36159440608588095,0.005019343983554031,0.07084732869737595,0.024047641386603747,0.276023464590316,0.3232341318491481,False,True
02143000,0.05972918360729765,-0.7503939271395461,0.3635842815578116,0.006244662269952329,0.07902317552435063,0.028033037943793252,0.08684646589550771,0.7369111391710135,False,True
02297155,0.014230910612605528,-447.58713519983223,0.002224262933047496,0.09084733588106716,0.3014089180516515,0.01711211562862198,-20.971994761407434,0.8056237102465065,False,True
02372250,0.04816509479167755,-0.07808618438482595,0.4812119956882487,0.0025010266491986436,0.05001026543819422,0.030285045929818157,-2.8193542970405527,0.5793087072025753,False,True
02374500,0.021359643995846896,-0.4904886884931563,0.4015276217154953,0.0006800122000250557,0.0260770435445634,0.01342292078507945,-0.1257934277407089,0.5732292013597103,False,True
02384540,0.0052396863057972455,-9.697868035316237,0.08548566259945557,0.000293702613014959,0.017137754024811973,0.005444577610877954,-31.036349973538584,0.4809172848511421,True,True
03015500,0.015067431525046112,-1.1612130270279977,0.31633426518558483,0.0004906547748506381,0.022150728539951866,0.01602496364242714,-21.304489649151545,0.32010960105301367,False,True
03028000,0.009337181636086031,-0.822922059964571,0.35424286563992147,0.00015892774268723125,0.012606654698500759,0.007099178489341319,-6.295609379538056,0.07751766939200219,True,True
03050000,0.01107677356495119,-0.21061866036616195,0.4523620549888791,0.00014853675073669484,0.012187565414663211,0.007157009722721245,-8.512581429106,0.40746894829355956,False,True
03069500,0.030812482450720064,-0.054634910899463485,0.486704472261803,0.0010012799549834572,0.03164300799518682,0.006817891400083422,-1.8229875031968055,0.0797629349125758,False,True
03170000,0.017013292733007612,-0.14137756859141182,0.4669891076975255,0.00033037416792815134,0.01817619784025667,0.008054490766473694,0.3114294855900711,0.3339355376141969,False,True
03180500,0.0032521190771249583,-10.284879517628841,0.08140087972087938,0.00011935202852485329,0.01092483540035516,0.0054074481743024445,-1.174804975012603,0.1097538149873692,True,True
03241500,0.004847912939868516,-6.2927255477514015,0.12058761552420519,0.00017139553100239854,0.013091811601241387,0.005237155839323159,-0.880248530159589,0.18789189664249395,True,True
03479000,1.5847488767861495,-0.28555113521059217,0.4375312302552616,3.2285704051324924,1.7968223076121057,0.41492537568289517,0.25982669060078767,0.7508817531724076,False,True
04040500,0.012266709871308259,-0.8603173689725128,0.34961155389523135,0.00027992599338266697,0.0167309890138828,0.012707070603574474,-19.808860243876264,0.25955447128120696,False,True
04127997,0.03430037028214198,-0.054281730654454075,0.48678814842082035,0.0012403786936266569,0.035219010401012926,0.020403135423241476,0.08627089986248182,0.6746983571369781,False,True
04296000,0.008710664628812084,-1.3422813219911887,0.29919683702874017,0.00017772218401843938,0.01333124840434831,0.011901604418941608,-1.6524363326406726,0.6888038878938465,True,True
05056000,0.036489028348738614,-0.14766501386282171,0.46562196317636395,0.0015280576529096855,0.03909037800929643,0.02046961328784159,-0.6927032981635726,0.6169023381862777,False,True
05062500,0.015215326259359625,-0.09165133955073324,0.4780911527132388,0.000252724002231829,0.0158972954376469,0.007923050994514966,-3.7487213361076392,0.37473392508726583,False,True
05129115,0.0034637323413055656,-23.125246445165004,0.03980060463018605,0.0002894412385009803,0.017012972653271983,0.015796451822820353,-313.965587893864,0.08670093770435577,True,True
05131500,0.0007706581256281967,-118.00298854209322,0.008333125800856466,7.067753458184423e-05,0.008406993195063514,0.008082474022909536,-168.84419578489172,0.03063924462625762,True,True
05362000,0.00663260774782939,-0.28179965831619525,0.4382505696130783,5.6388271129592725e-05,0.007509212417397228,0.004320508976031657,-0.04439953441596822,0.49268700834192036,True,True
05408000,0.006582633457557831,-3.556105717920868,0.17998217650441084,0.00019742090497568065,0.014050654966074737,0.009487842066514082,-0.11751337680818841,0.14129060588527437,True,True
05454000,0.016806109728452312,-11.347464031830501,0.0749205989703542,0.0034874834815772195,0.059054919198803575,0.009272435386338705,-1.9245717371626956,0.47488109068467743,False,True
05514500,0.005450881760123386,-0.8943620258664842,0.345499281383306,5.628549661070842e-05,0.007502366067495535,0.004629696370072125,-7.463970816003254,0.355934573773953,True,True
05591550,0.00293530605401171,-2.176859989633914,0.23941429745832737,2.7371894388447712e-05,0.005231815591976433,0.004153239546823787,-84.01540731543334,0.7415120093340857,True,True
06191500,0.000325354186474231,-2674.4666293974196,0.0003736269262677638,0.0002832124475222496,0.016828917003843404,0.01600056128605039,-3450.1675834215657,0.11683996928100542,True,True
06332515,0.008168733834547666,-0.33498002736437993,0.42826918786485507,8.908083089540486e-05,0.00943826418868453,0.006552735515670211,-35.941579305936074,0.5225379646260713,True,True
06339500,0.02845275197713348,-0.17820492065689897,0.4590936282057529,0.0009538265093766987,0.03088408181210344,0.01025119337845756,-2.6174555057251503,0.26364741918157325,False,True
06350000,0.04317984344275483,-0.0052325380401068156,0.4986952789911286,0.001874254941054798,0.043292666134748484,0.008328035276939785,-12.444993701721753,0.1563107079847905,False,True
06352000,0.0014330286625358576,-26.774168024134546,0.03475339405682356,5.70362301043267e-05,0.007552233451392157,0.006072730166382326,-287.51906409082017,0.04732367187682318,True,True
06453600,0.011851223967917508,-1.5237667020234604,0.2837872324026922,0.00035446684302028466,0.01882728984799152,0.007824275366032104,-0.003165553804037158,0.530911937960669,False,True
06468170,0.03230398481580483,-6.338622128958255,0.11992388964685347,0.007658200298960009,0.0875111438558542,0.03634325951601895,-3.092235018723713,0.6697919732722306,False,True
06479438,0.0010735998247546708,-60.7671640218143,0.015931897124624856,7.119385758048016e-05,0.008437645262778008,0.00705366244975061,-59.464517642542006,0.30759104660253866,True,True
06910800,0.0017847895382544212,-204.1333431334724,0.004851228747367159,0.0006534468686959984,0.02556260684468621,0.0055554078458372675,-20.05881158902369,0.1138474607515331,True,True
07149000,0.0049987210361967975,-0.20723695476734094,0.45305511845483193,3.0165485720249093e-05,0.00549231150976063,0.004908903398354967,-0.0237625002498556,0.0840556003883744,True,True
07151500,0.0013089821971555957,-36.988977338844904,0.0256482746728444,6.509162030715135e-05,0.008067937797674903,0.0047978011029138285,-74.44676687206143,0.4418637245944327,True,True
07195800,0.12654386498912076,-1.5753152123134968,0.27969561860055553,0.04123942325346762,0.20307492029659305,0.04773096624127831,0.062237824264694264,0.26994189988047085,False,True
07196900,0.004884281571056112,-72.03232329878283,0.01350761336996216,0.001742274183260565,0.04174055801328685,0.006106787471106121,-7.222185180270065,0.4060459629276912,True,True
07226500,0.012126559206659587,-0.040768898288428224,0.4900113877855986,0.00015304864485725898,0.012371283072392249,0.0033703438951256438,-11.918702534927636,0.25423510249928616,False,True
07261000,0.01875087610300452,-2.634554358768579,0.2157704759915049,0.0012778924286940719,0.03574762130120089,0.012850738430756407,-0.17215004769642128,0.27177026937433246,False,True
07375000,0.005647790971578045,-7.352536309662591,0.1069228674329602,0.0002664253849157966,0.016322542232011426,0.006265377121447647,-1.5346638363912732,0.1366135000459453,True,True
08066200,0.05855175464615573,-2.1240417190142855,0.242480573217629,0.01071017713060593,0.103489985653714,0.025938711514853434,-0.24712868451371262,0.6049131850007065,False,True
08070000,0.012178191964290146,-369.16572596414863,0.0026942142823192443,0.05489867156794001,0.2343046554551147,0.015196318678210296,-18.551742247305665,0.6795349163294441,False,True
08079600,0.012174718157285866,-0.029349444953000514,0.49276875527130315,0.000152574047359036,0.012352086761314301,0.0036564606581934735,-6.6155740447212565,0.4517794011492471,False,True
08104900,0.02646307341834743,-2.571169428361301,0.21876240110366804,0.002500869433401856,0.050008693578235536,0.01424953896005113,-0.15540518156907535,0.15932591878174085,False,True
08190500,0.00832436732498277,-10.286913103077454,0.0813874072039733,0.0007821276746641381,0.027966545633383792,0.012542622052725324,-63.6746827552285,0.6827566911134142,True,True
08198500,0.01748104406840411,-1.8497778265552212,0.25975524953729584,0.0008708547766116017,0.029510248670785576,0.014517647082788448,-46.20483024461447,0.3838988829679636,False,True
08202700,0.04321654025082035,-1.474811021591906,0.2877854345995117,0.004622128695164823,0.06798623901323578,0.026345531945793955,-37.82599588516443,0.9042419031308548,False,True
08380500,0.04704811510011655,-0.04103538689673636,0.4899474092511625,0.002304357994772598,0.04800372896736876,0.0057420737979050375,-10.308127930712054,0.05920663951639283,False,True
09047700,0.11878599552648272,-0.07470046003150799,0.48199729033887295,0.015164144645485366,0.12314278154031347,0.044224709827731544,0.23722283006369693,0.8393361848281273,False,True
09081600,0.11238689390684785,-0.3009141564471731,0.43460986895056253,0.01643160463861766,0.12818582073933787,0.07233725283717252,0.23475310280977402,0.26276793623938877,False,True
09306242,0.011893638654167038,-2.7887985244296587,0.20882064570029057,0.0005359582881513497,0.023150772949328272,0.02075056750341912,-3.75366108007628,0.14788849517809008,False,True
09312600,0.0042400078261218815,-3.2067878343712453,0.19205699018476652,7.562822815708521e-05,0.008696449169464812,0.008014979999699814,-4.888827766702101,0.47771403138595325,True,True
09386900,0.029798864968634216,-2.7671713926473216,0.20976799817651964,0.0033451440472613806,0.05783722025876918,0.05357504521062304,-2.410823922901583,0.3175784810816572,False,True
09430600,0.02487573521049276,-0.3725107575445643,0.42149440073981054,0.0008493126793976164,0.029142969639307802,0.017935524467609917,-19.765640111962096,0.3579264554403144,False,True
09510200,0.009762627934799064,-1.548117790624782,0.2818395721366149,0.00024285831437994911,0.015583912037096113,0.006482634723481642,-1.711363705035482,0.19025345866175833,True,True
09513780,0.003867831075389391,-1.3808874034631682,0.29578033239902135,3.5618354661877195e-05,0.005968111482024879,0.005373343188438933,-49.5069098615044,0.7463793855154142,True,True
10172700,0.002703479464457541,-36.5803240579178,0.025919948170958173,0.000274667118124969,0.01657308414643964,0.016158279172293618,-21.558092545309357,-0.016980519919352434,True,True
10173450,0.016079916704990774,-0.46649066412302664,0.40543433411111457,0.0003791812832785495,0.01947257772557474,0.013037459248594856,-0.8171034104330437,0.517329770983627,False,True
10244950,0.008468797279544069,-1.7425695343000642,0.2671961043970343,0.00019669853332699106,0.014024925430354026,0.011230310489766115,-1.8725207082104056,0.16497178467946733,True,True
10249300,0.03422192806517899,-0.7499078019892047,0.3636485555176172,0.0020493876540603998,0.045270162955973546,0.04293319298920529,-0.958601675452013,0.8854597183833696,False,True
10329500,0.00277131884987051,-2.5128167192442112,0.22159109536526359,2.697916365858846e-05,0.0051941470578516025,0.0046499700880329705,-30.26920034789842,0.2511507326699865,True,True
10396000,0.0020482732681615903,-13.758017202635147,0.06345976065013904,6.191613043010032e-05,0.007868680348705259,0.007428340938117997,-15.875112328099515,0.47841216745649184,True,True
11180500,0.01995259375567642,-0.3725402017870838,0.4214891698133349,0.000546416486249808,0.023375553175268557,0.011070450814962697,-12.893319051590334,0.8934741003555166,False,True
11224500,0.002868354329434327,-4.839135982264217,0.14621730034221841,4.804123763725083e-05,0.006931178661472436,0.006387946161856471,-86.63400494459565,0.2148309542455347,True,True
11274630,0.0016532050850001287,-7.386898258206658,0.10653146252285547,2.2922123044922326e-05,0.004787705404984973,0.004655469425463385,-19.95758623227663,0.28809572672466155,True,True
11468500,0.0006869392082782739,-5.637399282937382,0.13093462354837038,3.1320923191679825e-06,0.0017697718268658202,0.0013359394822544438,-27.84705588660627,0.5010651107886495,True,True
12114500,0.01548209282963103,-0.00022586825183124049,0.4999435393133805,0.00023974933792074421,0.015483841187533029,0.009458593191224541,0.5512433842822205,0.6417764788756083,False,True
12374250,0.001627710375351848,-23.695424392780495,0.03891743466517582,6.542907152922357e-05,0.008088823865632356,0.007835224886175014,-27.63514643118902,0.2226647680077367,True,True
12451000,0.11936401124834316,-0.05375184079657447,0.48691374494989464,0.015013610894530197,0.12253004078400609,0.05321043355602568,0.4444939395146392,0.5970434535552249,False,True
14222500,0.023339379064862317,-0.6022461746993619,0.38428339706005343,0.000872786135354315,0.029542954072914154,0.015263930867977803,0.27210753953126776,0.3229152046005669,False,True
