basin,std_obs,NSE,NNSE,MSE,RMSE,MAE,KGE,Pearson-r,low_var_flag,neg_basin_flag
01030500,0.09578430983909525,-0.04496557268395285,0.48900578736273365,0.009587176683837906,0.0979141291328167,0.0372106422059567,-0.40316466522176175,0.25607708559024533,False,True
01031500,0.027411263083864268,-0.5242799117232808,0.39615258013019555,0.0011453093913588496,0.033842419998558755,0.0174637654125646,-4.514582767483499,0.5480240549727027,False,True
01054200,0.013088851301066766,-1.2004027195880762,0.31246067686403856,0.00037696865556498157,0.019415680661902676,0.01364169344946777,-37.931629582826126,0.39551756083663764,False,True
01169000,0.0026515803079340938,-8.031945664298796,0.0996815606327247,6.350250923726309e-05,0.007968846167247997,0.006669392891440523,-170.73634205893754,0.3704075453628036,True,True
01170100,0.005063304182572443,-3.9586323874536316,0.16782374460716498,0.00012712470270626804,0.01127495909998205,0.005557819376083361,-0.4369126223912223,0.3041065806721939,True,True
01181000,0.00951785239829472,-1.146446772348197,0.3178188198790659,0.0001944455705257199,0.013944374153246172,0.009382887684432113,-0.1302645737071051,0.4207353323701732,True,True
01423000,0.01620100882145577,-0.5744236291105798,0.38843645959910766,0.00041324320014583983,0.020328384100706084,0.013235771797009051,-8.342633943628023,0.30713030949813597,False,True
01439500,0.0018973824588729288,-26.95098014882447,0.03454114488903078,0.00010062521105168953,0.010031211843625352,0.0046385674658359355,-3.1460294786962537,0.16392209801241917,True,True
01487000,0.009598833308328052,-1.485697708056314,0.28688661030150475,0.0002290262233358783,0.01513361236902407,0.00504470651142604,0.0906874539175101,0.4013666402472121,True,True
01547700,0.02244765374979931,-0.254669540944344,0.4435239762813138,0.0006322244170036849,0.025144073198344077,0.011185877157167932,-0.17932685493855982,0.3787496162044457,False,True
01632000,0.08353319768703456,-0.20600737882050568,0.45330764058217876,0.008415272397578047,0.09173479382207193,0.024951023744103233,-0.7385826444377446,0.3607398477969288,False,True
01664000,0.007342807639063833,-3.2033015993343215,0.19218566921585592,0.00022662867265234294,0.015054191198876908,0.006623468795800381,-0.3219677352632617,0.3106870732795416,True,True
01667500,0.04355666449809391,-0.3740919496013335,0.4212136771568278,0.002606903917724681,0.05105784873772769,0.028680870821255013,0.1953673120104884,0.3522614846295576,False,True
02014000,0.013925293249513408,-1.8837773071812007,0.2574812922849555,0.0005592041931640142,0.02364749866611719,0.011355582013986431,-0.03001774289847381,0.4201412009882607,False,True
02015700,0.01391182393736935,-0.94011033420103,0.34012329005732644,0.00037548671376672445,0.019377479551446426,0.008722154774903536,-0.2703350021903168,0.7309324824201203,False,True
02018000,0.004560271866803382,-0.9986370459059595,0.3334848415100122,4.1563814896623435e-05,0.006447000457315281,0.005460752926209584,-5.137058600861832,0.28507088169680894,True,True
02046000,0.008536307782515554,-6.720402272679386,0.11467360893808229,0.0005625745233335668,0.0237186534890488,0.013431042688215161,-1.5301926544503854,0.36149775209116153,True,True
02055100,0.005480054574838702,-1.1862999426776581,0.3138436487431356,6.565676951905415e-05,0.008102886493037783,0.003922814881472281,-27.18891236581198,0.4883711189167597,True,True
02081500,0.008111918633970516,-0.181656308680489,0.45836734045649047,7.775679468149629e-05,0.008817981326896552,0.0030042302446259403,-2.9854934386510017,0.1812831237684283,True,True
02137727,0.05331949034234911,-0.5280514673277408,0.3955615670503113,0.004344201500930496,0.06591055682461266,0.024623023547359152,0.3206443880371834,0.34434498858638934,False,True
02143000,0.05972918360729765,-0.6923577407067429,0.37142166692064493,0.006037613800410907,0.07770208362979018,0.027733933868446827,0.11481831095637862,0.7345211264144805,False,True
02297155,0.014230910612605528,-244.02724747022592,0.004064590447938167,0.04962262825710501,0.22276137065726861,0.01897131403633095,-14.773425395021905,0.8134998512378221,False,True
02372250,0.04816509479167755,-0.060586069819824395,0.48529882573040933,0.0024604285471869075,0.049602707055027825,0.027576457304214482,-2.427172201073912,0.564165026658224,False,True
02374500,0.021359643995846896,-0.2895818791338065,0.4367609689408965,0.0005883516040828052,0.024255960176476323,0.01213447892761673,0.018119993597581985,0.60268770317521,False,True
02384540,0.0052396863057972455,-5.691996727492108,0.13000525551783992,0.00018372416996204668,0.013554488922937917,0.006162424794873255,-14.180748218903346,0.4569258533515919,True,True
03015500,0.015067431525046112,-1.0373421125090583,0.32923522045197917,0.000462532671701273,0.021506572755817535,0.012513244508386707,-16.386458440693513,0.37823784844542585,False,True
03028000,0.009337181636086031,-0.11503567015450877,0.4728052647579923,9.72121112390534e-05,0.00985962023807476,0.0032090594060476293,-2.681614537813218,0.18315807546140866,True,True
03069500,0.030812482450720064,-0.2676737153244877,0.44098054902793066,0.00120354092918399,0.03469208741462511,0.012340945012630177,-9.261324603657878,0.0936227885986025,False,True
03170000,0.017013292733007612,-0.3494358067120851,0.4256341020865978,0.0003905970680369592,0.01976352873443807,0.008526447611859231,0.3281436996221979,0.33248774413529886,False,True
03180500,0.0032521190771249583,-8.995966539787185,0.09094243751848975,0.00010572012591950457,0.010282029270504173,0.004848258863031618,-1.283019770604533,0.10248714944084404,True,True
03241500,0.004847912939868516,-4.062410655589673,0.1649508845261049,0.00011897809080920733,0.010907707862296612,0.006071285345388447,-0.46256219274025456,0.1884590577004194,True,True
04040500,0.012266709871308259,-0.20963010952011674,0.45256443406139957,0.0001820156687673253,0.013491318273887295,0.006877811063942202,-9.47983523738329,0.1814693274342542,False,True
04127997,0.03430037028214198,-0.02031835629987966,0.49497149638904137,0.0012004202606118598,0.034647081559806156,0.01918166729817951,0.09093562097487551,0.6517283599436097,False,True
05062500,0.015215326259359625,-0.03963884505929549,0.49028287651137004,0.00024068278971488494,0.015513954676834819,0.006175181568227427,-2.6417487611355304,0.2951188195676282,False,True
05120500,0.26289586217835875,-0.030780205795265747,0.49242158119637275,0.0712415847071933,0.2669111925476212,0.1039781149361231,-0.2462284387653837,0.678453815081416,False,True
05129115,0.0034637323413055656,-32.17462172600825,0.02926147970319625,0.00039801059114576365,0.019950202784577497,0.019165142393916854,-381.3987440463024,0.0672928380651194,True,True
05131500,0.0007706581256281967,-128.01213775014728,0.007691589549290887,7.662210789007551e-05,0.008753405502435923,0.008393760328806095,-175.51691422925276,0.03729117609569737,True,True
05362000,0.00663260774782939,-0.3363302785358535,0.42802167535434527,5.878715412028583e-05,0.0076672781428800294,0.004407360263546002,-0.08892207662382723,0.3448096601835511,True,True
05408000,0.006582633457557831,-5.32567499038043,0.13650619244139697,0.000274098223022099,0.016555912026285324,0.012078459244886567,-0.27634443121615115,0.17178956770780088,True,True
05412500,0.06062150833031235,-0.08695560341210817,0.4791668775152814,0.003994526268919694,0.06320226474517898,0.014816912496450329,0.015097560497993934,0.2621087478271471,False,True
05454000,0.016806109728452312,-5.478963667514076,0.13370836448151763,0.0018299529935820002,0.042777949852488256,0.009440843892619422,-1.000726768395535,0.5442160596365477,False,True
05514500,0.005450881760123386,-2.3607772852619395,0.2293169163625225,9.985579098189179e-05,0.009992786947688407,0.004683955369873037,-7.759048024803901,0.2988586670072065,True,True
05591550,0.00293530605401171,-0.0282986560131977,0.49302404112695575,8.859843463047749e-06,0.0029765489183024942,0.001280350127597945,-5.583161604700591,0.5909468199635585,True,True
06191500,0.000325354186474231,-8797.022656038585,0.00011364898569885155,0.000931317738145022,0.030517498884165162,0.028107094664125663,-6061.477388824565,0.15144654427086662,True,True
06289000,0.022470637091942424,-0.012110460857839955,0.496990607351478,0.0005110444606427701,0.022606292501044265,0.011751382455142461,-0.3101876814389126,0.44558834707480655,False,True
06339500,0.02845275197713348,-0.00824328918945616,0.49794763681426685,0.0008162325248089084,0.02856978342250617,0.0074551790537143205,-1.402942214436972,0.3045496664232418,False,True
06352000,0.0014330286625358576,-10.479940747107847,0.08012858556493901,2.3574875094984318e-05,0.0048553964920472065,0.004106658414228314,-126.57504839209909,0.04119635931569392,True,True
06353000,0.03370200555620915,-0.0033855775619435757,0.49915503595516947,0.001139670602749409,0.033759007727559305,0.005380926341602881,-0.5234455403677114,0.15267336819252306,False,True
06453600,0.011851223967917508,-5.1461749136674175,0.13993500188295838,0.0008632395445075924,0.029380938455188806,0.013276117068645262,-0.8478257576583317,0.4526442201391193,False,True
06468170,0.03230398481580483,-0.5762216739337545,0.38816535475887554,0.0016448620847930551,0.040556899348853766,0.012327671218017814,0.16071428845466262,0.6280552624962924,False,True
06468250,4.032968650237912,-0.5398527024421698,0.39372361989278354,25.045451875413768,5.004543123544223,1.83974377562214,-0.2578650680989272,0.8279484683137728,False,True
06479438,0.0010735998247546708,-13.730661632302185,0.06357011697121158,1.6978804886460134e-05,0.004120534538923334,0.0031360087215760615,-9.213523476592963,0.36711872048297867,True,True
06910800,0.0017847895382544212,-271.97539812806446,0.0036499627588188394,0.0008695559503545239,0.029488234100307258,0.005145513346520196,-18.649252106029177,0.1413163060832499,True,True
07149000,0.0049987210361967975,-1.0993294305437518,0.32265043855778774,5.245638953404194e-05,0.007242678339816144,0.004800761746573995,-0.09793178433305916,0.18416625837821685,True,True
07151500,0.0013089821971555957,-61.10465705036718,0.015846690985133582,0.00010641225532267163,0.010315631600763554,0.003256657656718011,-45.39426768412242,0.37342730954063375,True,True
07195800,0.12654386498912076,-0.8303183307139763,0.35331714780921475,0.029309527613548516,0.17120025588049953,0.0394505319579492,0.24835548614256453,0.3806824051107769,False,True
07196900,0.004884281571056112,-28.996253088078934,0.03226196395926955,0.0007155968068563545,0.02675064124196567,0.0037492772362270775,-3.882612858407782,0.4360786417634209,True,True
07226500,0.012126559206659587,-0.053279914445326426,0.48702565732258685,0.0001548884327984143,0.0124454181447798,0.0037962499756442713,-15.07613935676153,0.2200355501659646,False,True
07261000,0.01875087610300452,-3.6320839064263923,0.17755417295167908,0.0016286191837569497,0.04035615422407033,0.012668899743234487,-0.4284452442547988,0.32610779726131,False,True
07375000,0.005647790971578045,-3.960255650013072,0.16777803817824608,0.00015821996718609561,0.012578551871582659,0.004837133200071677,-0.9554226503978775,0.32791910979644373,True,True
08066200,0.05855175464615573,-1.068244870868726,0.32591922812108065,0.0070905803791444025,0.08420558401403319,0.020954227587767608,0.036222321937510515,0.6194857712779654,False,True
08070000,0.012178191964290146,-914.0463136402233,0.0010916478622419843,0.13570901765998236,0.36838704871368966,0.02361376429593653,-28.65841789293289,-0.6238532400359131,False,True
08104900,0.02646307341834743,-2.8984277550817943,0.2041471365914433,0.002730046559421629,0.052249847458357514,0.011474985361254098,-0.23928702590964623,0.20308203703804986,False,True
08158700,0.0829107854643764,-0.06627831863633316,0.4839619091875111,0.0073298086546865916,0.08561430169479041,0.014297986202619645,0.32666158661337286,0.5354971629722407,False,True
08190500,0.00832436732498277,-8.178392659751209,0.09824733957792144,0.000636017557906802,0.02521938853158026,0.00580027418884412,-29.186601175331575,0.6908484115511708,True,True
08198500,0.01748104406840411,-1.5941211505842579,0.27823213467287844,0.000792729445097221,0.028155451427693733,0.009967646095863144,-6.407361207580629,0.4120502133583615,False,True
08202700,0.04321654025082035,-0.3327832961700401,0.4286724796262895,0.002489198514115769,0.04989186821633129,0.012214285383683585,-16.930255588768286,0.8605802175549234,False,True
08380500,0.04704811510011655,-0.027816341568335456,0.49314130648862853,0.0022750973056844337,0.047697980100675476,0.006333471810336693,-12.248498149160758,0.04027428418288689,False,True
09081600,0.11238689390684785,-0.21915841140575387,0.45062127825590303,0.015398963035942646,0.12409255834232223,0.07310157864975189,0.26617027821329386,0.3174627312636455,False,True
09306242,0.011893638654167038,-0.4387314469685697,0.4100492496798021,0.00020352099444054375,0.014266078453469395,0.009511868776459851,-0.05924419046756957,0.14683256069010553,False,True
09312600,0.0042400078261218815,-0.5680064299623193,0.3894071246599928,2.8189096456938618e-05,0.005309340491712565,0.0037570934192196663,0.04251317554269096,0.4155722287909534,True,True
09386900,0.029798864968634216,-7.459911051052767,0.10570923918874615,0.007512167125717849,0.08667275884450575,0.08077292362574623,-4.437957024201047,0.4416548074394101,False,True
09430600,0.02487573521049276,-0.12578283145247404,0.4704149385366588,0.0006966368953721595,0.026393879884779342,0.008392395882820567,-8.201450235045643,0.2755002142254028,False,True
09510200,0.009762627934799064,-0.9118017361862862,0.34342997587114005,0.00018221172851079975,0.013498582463014394,0.004139519917225509,-0.6196777459043941,0.2152444163424379,True,True
09513780,0.003867831075389391,-0.3709198391315238,0.421777229029516,2.0509121503252822e-05,0.004528699758567885,0.0033551411397885244,-29.50740207285481,0.5569340225456553,True,True
10172700,0.002703479464457541,-20.26029394480781,0.044923036617548755,0.00015538726220961803,0.012465442720161127,0.011456081856810118,-14.952942543704275,0.16779872374111848,True,True
10244950,0.008468797279544069,-0.5178705185122789,0.3971610107222133,0.00010886247405495278,0.010433718131852747,0.00684019484509291,0.07022306208376583,0.18049082277383582,True,True
10310500,0.05749148499008284,-0.0722535284331669,0.48256643614263794,0.0035440883274420647,0.059532246114539174,0.04039881307537555,-0.4907790428562633,0.7380479649059992,False,True
10329500,0.00277131884987051,-0.39890458318918376,0.41685693003702823,1.074387840556924e-05,0.0032777855948138584,0.0015767466233221337,-8.449572024980402,0.21718252757999218,True,True
10396000,0.0020482732681615903,-11.484380307178766,0.07415987811227956,5.237726103884976e-05,0.007237213623961211,0.00565994673248129,-11.885367171900159,0.4576889938825944,True,True
11224500,0.002868354329434327,-0.1452662238313076,0.46614261152821596,9.422628105273526e-06,0.0030696299622712713,0.0012646878865042593,-6.785825317260787,0.19710677759665501,True,True
11274630,0.0016532050850001287,-0.2927374928159383,0.43615983213664855,3.5331641046337794e-06,0.0018796712756846022,0.001137766989998001,-3.1407750002274506,0.4663893689360119,True,True
11468500,0.0006869392082782739,-42.522601408152155,0.02246050249473739,2.0537683476585417e-05,0.0045318521022409165,0.003188585097944485,-68.41497317183153,0.2892070466265618,True,True
12374250,0.001627710375351848,-16.896968716268567,0.05291854027038163,4.7416963874301325e-05,0.006885997667317447,0.0062988120573086856,-20.09754621061304,0.21016348557379658,True,True
12451000,0.11936401124834316,-0.08401857513376876,0.4798421722012781,0.015444844278704635,0.1242772878634895,0.04751752517731015,0.481799428886195,0.5608272383091656,False,True
14222500,0.023339379064862317,-0.034824686080919154,0.49144282887878865,0.0005636965485052735,0.023742294508014038,0.011498682711594795,0.5084271598372262,0.5321557768385649,False,True
