basin,std_obs,NSE,NNSE,MSE,RMSE,MAE,KGE,Pearson-r,low_var_flag,neg_basin_flag
01055000,0.13454440772200457,-0.2511820944969452,0.4442110669077005,0.02264914556980506,0.15049633075196572,0.0805980814040748,-0.6096462483238787,0.5262084478091854,False,True
01078000,0.004984973625852713,-47.70493475923063,0.02011872673898423,0.0012103157804363852,0.034789592990381264,0.034126509523714835,-6.455673265313127,-0.12124134924645229,True,True
01137500,0.18462258032469,-0.15233318058591272,0.4646120819118617,0.03927784936085691,0.19818640054468145,0.1375592032392602,-0.0912351705261174,0.6560961125251046,False,True
01170100,0.0073746416531355165,-15.555284885909831,0.05696290356430598,0.0009003647892407596,0.030006079204733825,0.02902233968044361,-0.8607692364325792,0.34958516219475216,True,True
01195100,0.009691993439698808,-1.7945043495449209,0.263539031156976,0.0002625010306592253,0.016201883552822656,0.01389002567751817,-20.276431867514127,0.44287782044093543,True,True
01440400,0.01145941999381803,-26.4175116155678,0.035189569499539705,0.003600421196397331,0.06000350986731802,0.05861035745915548,-0.7431792350961393,0.0171165206822156,False,True
01466500,0.12680552141604728,-0.09627846779879068,0.4770358591957755,0.0176277633887378,0.1327695875896954,0.08480057113115907,0.012556894082951575,0.6601125433643604,False,True
01484100,0.04503032874455597,-1.6999558522393023,0.27027349512691506,0.00547478284871434,0.07399177554778869,0.053334679168153626,0.11736071728605735,0.34366710266327455,False,True
01544500,0.12012171778560035,-0.2036971624783197,0.4537828595628725,0.017368419697481347,0.13178930039074244,0.0656199494096678,-1.0265338334806344,0.6133188657570157,False,True
01644000,0.059675161988807485,-0.5162115500434736,0.39742286374240776,0.00539941879305963,0.07348073756474978,0.04780899440883882,-3.219238595995229,0.5597248528844131,False,True
02014000,0.004141553396481093,-73.86283709254094,0.013181684713164029,0.001284082158286973,0.03583409212310217,0.03537470984651547,-17.024002977546232,0.06212489022902717,True,True
02028500,0.011954534419572836,-15.518977436459856,0.057080957129314894,0.0023607418200093126,0.04858746566769369,0.0471865063630761,-1.180457470622374,0.290987930246911,False,True
02053800,0.08650568730584465,-0.48119288913389924,0.4030319466009216,0.011084112894108713,0.10528111366293914,0.08429518512505742,-0.2750743669478226,0.6934033992891323,False,True
02056900,0.05505391689532778,-0.9266316213725634,0.34168974075767317,0.005839492834932133,0.07641657434701017,0.056023600424115846,-1.3186289822383959,0.49151094422311914,False,True
02065500,0.15410849998056642,-0.012277653986348724,0.4969493141361416,0.02404101704730348,0.15505165928587633,0.04566092036754261,-0.9382921129515867,0.41597144431018934,False,True
02074500,0.02933944501014545,-1.5216613870262905,0.28395688571421834,0.002170653771420493,0.04659027550273225,0.03871644683452146,-3.4935398094024555,0.4915581012874381,False,True
02092500,0.06332915318777607,-0.9519388078862163,0.33876040971054755,0.00782840995210627,0.08847830215429243,0.06404453505132544,-1.2285327454354178,0.25089094166471265,False,True
02108000,0.021899176343657303,-10.58287156882676,0.07947311506202086,0.005554843175596153,0.07453082030674393,0.06545208363070723,-4.710326324280604,-0.5971143874910831,False,True
02111500,0.07921667985645335,-0.8907444657262258,0.345931649046252,0.011864955407181842,0.10892637608578486,0.08349885545626733,-0.6896598768093398,0.6405813804740531,False,True
02137727,0.01322786137965635,-15.475866058059207,0.057221770679504486,0.0028828863569424117,0.05369251676856293,0.0513308863786506,-1.321447243669104,0.43009605274183904,False,True
02140991,0.01489550578448907,-10.522782271668754,0.07985445872219438,0.0025566299060389573,0.05056312792973707,0.049070106713398495,-3.508528541095963,0.5338506085035921,False,True
02149000,0.08421614883156542,-0.29376864066948905,0.43596375949586924,0.009175872599284877,0.09579077512623477,0.058257710001568756,-1.0307348737507107,0.6354122306185981,False,True
02177000,0.05351513734874234,-4.357036096910389,0.1573060125434893,0.015341854567517198,0.12386224028135935,0.115607163512772,-0.5294125607821436,0.582176334692641,False,True
02196000,0.04220425690693713,-1.6801720982076502,0.2717264229265335,0.004773920668066073,0.06909356459226917,0.05503879825243461,-10.084184188678147,0.13699527867073566,False,True
02212600,0.02924020546115091,-0.5651052407399142,0.3898475524971234,0.001338148727856895,0.03658071524528867,0.026925970555314926,-2.607752567014728,0.5572941810545671,False,True
02221525,0.0790115025023723,-0.2497237049571499,0.44449902794576585,0.007801797050066663,0.08832778186995677,0.05284847434855763,-1.5457903917265012,0.6739707837602178,False,True
02231000,0.04999375602488386,-3.210183097585869,0.19193183449989476,0.010522829080258457,0.10258084168234562,0.08756645579032259,-2.1143759486121563,-0.19565920055033922,False,True
02369800,0.06087923958275849,-0.788288078073007,0.35864299957524565,0.006627899578691207,0.08141191300228245,0.05446299025785077,-0.8726640677266211,0.128876196698361,False,True
02372250,0.11307840634629684,-0.31388920341137116,0.43217281040323724,0.016800341214490637,0.12961613022494783,0.07137674632670825,-1.6702111100205697,0.4212245703895569,False,True
02374500,0.006482397681806576,-49.51828941194887,0.019410582366270596,0.0021228532732601364,0.04607443188212022,0.04560971761048073,-3.3883439272955487,0.3697710604022448,True,True
02415000,0.09226883144795747,-0.21793348628508458,0.4508701483537022,0.010368922111757772,0.1018279043865569,0.05359161193323595,-2.168916256743236,0.5337510681442321,False,True
02422500,0.039671671765276875,-1.1378295152642068,0.3186916290816391,0.003364604897954452,0.058005214403141825,0.044583680773732065,-8.630534901129515,0.40923530580825884,False,True
02465493,0.050770107179534125,-0.08225461462526162,0.48024866554562423,0.002789623588850423,0.05281688734534082,0.034218814324946355,-0.4763265747710925,0.6388173896128321,False,True
02479155,0.10664592167459605,-0.12359327503748574,0.4708999655229874,0.012779022507028366,0.11304433867747808,0.05266899875917875,-0.6243497666784685,0.5239471549979513,False,True
03015500,0.14220673894898878,-0.5842977474499926,0.3869523165381122,0.03203886773257947,0.1789940438466584,0.11600063216054665,-0.7650729999817256,0.4583708948654391,False,True
03028000,0.24934899433076152,-0.03767136149270156,0.49075627154491064,0.06451713489754489,0.2540022340404605,0.13678917492277956,-0.3647562534274975,0.9028348693602624,False,True
03050000,0.1815647182732896,-0.2770168043999979,0.43917111110802876,0.04209781278855607,0.20517751530944142,0.11920578947370296,-0.5461627198907777,0.6598785676897885,False,True
03066000,0.056408066289040666,-0.2980955172869937,0.4351429226843215,0.0041303711089089815,0.06426796331695117,0.040024508713966525,-2.2580429309250194,0.5860579248163195,False,True
03159540,0.012383746324237641,-11.000235803230764,0.07692168166299601,0.0018403222383936908,0.042898977125261285,0.041479502474052715,-1.751400040153424,0.43818375392613484,False,True
03164000,0.7219621279737839,-0.08009796016203663,0.48074658941644344,0.5629787190747891,0.7503190781759379,0.2261367040809087,-0.7611263504151908,0.24063963014729256,False,True
03170000,0.0756140933212507,-0.51012147764919,0.3983870935746633,0.008634106121659326,0.09291989088273471,0.0584054555212858,-1.9789233184381594,0.5583860526514534,False,True
03173000,0.027298534140496388,-4.649219248006526,0.15039359700761945,0.004209854484975451,0.06488339144168907,0.05969774999561364,-5.05456275776054,0.507542522188222,False,True
03213700,0.66833779282433,-0.057929449893745266,0.48592530713413523,0.4725510658283938,0.687423498164264,0.247933287588078,-0.45196379670078857,0.48770092795569975,False,True
03237500,0.27180072375314834,-0.0866089233336913,0.4792464887969233,0.08027392250493892,0.2833265298289924,0.08923921731570315,-1.1508252176393183,0.3473785795834563,False,True
03241500,0.030496990297004353,-0.3027325993533314,0.4342666622606666,0.0012116278412183802,0.03480844496984001,0.02357367024015939,-31.742412399390886,0.6310537344603928,False,True
03280700,0.05383633574721751,-0.468305416860924,0.4051362498210426,0.004255664541815242,0.06523545463791329,0.040516475506763884,-1.7952025132996643,0.46294763330414224,False,True
03479000,0.03442622137948258,-1.6068338954551469,0.2772514701217783,0.0030895275598029196,0.055583518778527505,0.044823531647701906,-1.9754453464599657,0.3451266369768461,False,True
04057800,0.1538200389553778,-0.33250182987515586,0.42872420814071716,0.03152779863794386,0.17756069001314412,0.1290667295487001,-0.19120027452521748,0.8154796032820614,False,True
04059500,0.14069796847239088,-0.10640609670177037,0.47474226435529643,0.021902324732620486,0.1479943402046865,0.11945100148456743,-0.11243015690210445,0.8691369830314973,False,True
04063700,0.006272409328713661,-41.80618069865358,0.022827828951331883,0.0016841286520420957,0.041038136556648085,0.040563147407290154,-8.547403315779073,0.21199996105012106,True,True
04122200,0.40444480950038336,-0.7980294833982031,0.35739437555372056,0.294113758634046,0.542322559584281,0.4889487799277429,0.19498666601856318,0.917822123184979,False,True
04221000,0.2823462819443895,-0.31336483853298014,0.432270769981163,0.10470068702153955,0.32357485536045527,0.19758537738295873,-0.44867104687532633,0.7441004886705136,False,True
05057200,0.30716520779279144,-0.13718968540790244,0.4679041859633254,0.10729437547314427,0.32755820165757454,0.15964037954714078,-0.6165342984786182,0.7399366413563162,False,True
05062500,0.030254986849222277,-4.389126911390489,0.15651590802136162,0.004933014001557135,0.07023541842658257,0.06383601371462014,-15.66481730961403,0.23549294620555677,False,True
05120500,0.01861143057456143,-5.574841911258157,0.13201595646685954,0.002277428903684696,0.04772241510741777,0.043892671416009006,-20.856838674492646,0.013748384533949195,False,True
05123400,1.1520655025648376,-0.11265790399942488,0.4733374002988948,1.4767806798079406,1.2152286533027192,0.43143770655586533,0.48363659929639846,0.6480018868643485,False,True
05131500,0.015109445779620324,-30.170619469644155,0.031084263109810155,0.00711610753662664,0.08435702422813787,0.08120379960254234,-54.996359704136154,-0.3149260067448905,False,True
05414000,0.15742225010881272,-0.10373321251724943,0.475345444968964,0.0273524569069141,0.16538578205793297,0.0781377985945337,-1.0032355979004692,0.7266055914741457,False,True
05454000,0.07126168068619985,-0.0373475232533107,0.490834277700038,0.005267886340202856,0.07258020625627111,0.02827882357009662,-1.8533822781416962,0.5644018621062817,False,True
05466500,0.02724296591339867,-4.438952332510056,0.15530476828521206,0.004036677246155875,0.0635348506424299,0.05784706228065839,-3.0461397909117096,0.25405150844303,False,True
05489000,0.05362235329500716,-0.6284207056692317,0.3804565980792585,0.0046822905051677735,0.06842726434081502,0.04422149441578999,-23.867389289764315,0.31161464841436776,False,True
05501000,0.2245953106449882,-0.05995179043462495,0.4854482540045328,0.05346720493985337,0.23122976655234803,0.06979124196279764,-1.9543378218633856,0.6442000523112978,False,True
05507600,0.17431009722757193,-0.08612320076802904,0.479358074169272,0.033000778188464586,0.18166116312647726,0.059328743160309096,-1.1103565229480412,0.35587423412087527,False,True
05525500,0.051899691932501386,-0.8122009084548034,0.35559337065624574,0.0048813045397100826,0.06986633337817351,0.04881350149277507,-20.49604352847381,0.4122023998201374,False,True
06280300,0.0037125440810362093,-281.01966209978076,0.003533323418524337,0.00388707236452354,0.062346390148295995,0.06213401142142766,-36.89705383863503,0.1983538783978192,True,True
06289000,0.13270972416888255,-0.6918184704230257,0.3714960763468005,0.02979608846868347,0.17261543519825645,0.12954383726991994,-0.34944335716881847,0.4251254851428202,False,True
06339500,0.009292393223263444,-51.28998158964406,0.018765253245918403,0.00451516523053775,0.0671949792063198,0.06651742950932321,-85.85944886986437,0.09271379762193878,True,True
06350000,0.04398598862252987,-1.0983394483614033,0.3227535319052478,0.004059798328876658,0.06371654674318641,0.04615942490023848,-119.5394983806412,0.04467632306501492,False,True
06352000,0.16581338544366367,-0.2443613832198428,0.4455610435452081,0.03421256991632806,0.18496640212840834,0.0982113212482734,-0.8245285026727929,0.4955012803594306,False,True
06431500,0.15097750316416694,-0.14152807227995234,0.4669562883363756,0.026020226561359695,0.16130786267680722,0.06285689817624442,-1.2207258430383696,0.3179720336685316,False,True
06440200,0.2790914619520673,-0.021095449174439063,0.49478118433667845,0.07953521179267561,0.2820198783644082,0.06607876102890793,-0.9131032893063304,0.3329362557346092,False,True
06450500,0.06505471962035579,-1.354376034266095,0.29811803738896864,0.009963993767493812,0.09981980648896197,0.07554432442764972,-9.02510887426822,0.002294729114667479,False,True
06464500,0.11997704708277139,-0.30508397330053616,0.43382367479140005,0.018786020586833745,0.13706210485336107,0.06822824637270193,-5.119895897257194,0.2394790039948427,False,True
06470800,0.07468903315640261,-0.5023356787911539,0.3996266402128299,0.008380706982019375,0.09154620135220999,0.05283700740986701,-1.827598209373817,0.001569546148688881,False,True
06477500,0.1960326498348477,-0.05807440413238529,0.48589108245654816,0.040660529451253605,0.20164456216633664,0.07605731590188106,-1.3741574929848355,0.5544710642716366,False,True
06746095,0.0714613547758494,-0.09689493773154156,0.4768956145613179,0.005601541049223918,0.07484344359544073,0.03804511725048178,-0.22990889656078628,0.7232673100494263,False,True
06847900,0.017131668173072913,-4.625288618465864,0.15093682065605735,0.0016509887637602906,0.04063236104092759,0.036979364663758625,-141.36977501273358,0.13052570339666916,False,True
06903400,0.07231166532582,-0.23922762041905954,0.44658255859350965,0.006479892653300455,0.08049778042468286,0.03903381719482358,-4.993633853085077,0.33608123817367125,False,True
06917000,0.1711409277123346,-0.0006791899118794298,0.499830260164822,0.029309110079045676,0.1711990364430994,0.053451967555500426,-2.033717338127864,0.6048007397562848,False,True
06919500,0.20321649555504503,-0.09719365806817382,0.4768276864432005,0.04531074512645323,0.21286320754525248,0.07322454365134892,-1.511513977019455,0.40820544888409044,False,True
07014500,0.06057612274717236,-2.349669317417356,0.22990253442846925,0.012291499839011868,0.11086703675579981,0.08747312718997997,-8.161624629425264,-0.11905481380864812,False,True
07057500,0.021972700601643046,-11.210649500171606,0.07569650530710167,0.00589529634922121,0.07678083321520554,0.06550408272591611,-6.872998150962359,0.276191280923385,False,True
07060710,0.11660587884317544,-0.10462848757976917,0.4751432406723508,0.015019557305035802,0.12255430349455625,0.0565314998365321,-0.9470092739843226,0.6562291095604381,False,True
07066000,0.2547161878461065,-0.05230738172012517,0.48725644555342285,0.06827405687048721,0.26129304788012864,0.11679760319881524,-0.5772825239522787,0.6916610467952755,False,True
07068000,0.0331135588746778,-10.67610296596745,0.07888859870299099,0.012802937757989206,0.11315006742370597,0.10298662520663515,-8.875929465735958,-0.025487384772412223,False,True
07142300,0.37703549228911554,-0.0075624192393215495,0.49811651703407883,0.14323080391859547,0.37845845732206257,0.16113311333122488,-0.19238110391355412,0.7663740366581083,False,True
07180500,0.013615273174857875,-4.393652972543464,0.156405110551721,0.0009998519991536161,0.0316204364162422,0.02983495884318837,-25.437525047144966,0.5642727985966314,False,True
07184000,0.00034239513203574974,-5441.541537447118,0.00018370393485946917,0.0006380532355281681,0.02525971566601984,0.02446758914869963,-3487.7719114979323,0.26842480173579997,True,True
07292500,0.003339854037426359,-451.60835738228985,0.0022045449201396105,0.005048676494533685,0.07105403925558128,0.06398221856220519,-49.31533286651805,-0.03862248476351858,True,True
07359610,0.05770759209569074,-0.765624340228567,0.36158200716347266,0.00587982247409425,0.07668000048313935,0.06367421424385779,-0.9008170050270508,0.7087717064683235,False,True
08079600,0.5870657098041253,-0.6627924921374557,0.3755455984470228,0.5730750267196387,0.7570171905047063,0.3863421221877064,-5.0868725237820165,0.8106701988881326,False,True
08101000,0.08882160860936,-0.2859755949345848,0.4374499894993918,0.0101454191702078,0.10072447155586273,0.051573409808335954,-7.10549150716561,0.35922106940801135,False,True
08104900,2.577931661940284,-0.937041631879707,0.3404786602769399,12.873058887390206,3.5879045259580424,0.6463425653946099,0.10320832032713423,0.6436579262705167,False,True
08164000,0.030998733347810125,-5.169093182208803,0.13948765549339662,0.005928014084086295,0.07699359768244561,0.07073256101360499,-3.549180282542996,0.24808136960524038,False,True
08171300,0.030864131557791784,-2.8029603293341663,0.20820492601041948,0.0036226795376911106,0.06018869941850472,0.052008831923536746,-2.8850699053145923,0.1655144500069122,False,True
08189500,0.6412453464261632,-0.06304817956016895,0.4847196541057974,0.4371207279778196,0.66115106290304,0.25543071849702875,-0.5602818605112674,0.7241105909568119,False,True
08190500,0.04846534180893126,-1.1082936070333576,0.3217199294613703,0.004952148414267679,0.0703715028563955,0.052312071959674744,-6.070634933379056,0.2589283605947827,False,True
08194200,0.07386319289921549,-0.272315630758154,0.4400797083221893,0.006941463058640035,0.08331544309814379,0.04610713472085475,-37.694912952485964,0.3947656527306721,False,True
08198500,5.692080394285096,-0.13834922979052955,0.4676504595547094,36.882263714783896,6.07307695610585,0.8044486504833556,-0.007871794682828614,0.8802310673484045,False,True
08202700,0.06345403085675015,-0.3118139284026915,0.4325607643911606,0.0052819060086535,0.07267672260533974,0.040364645030348575,-1.334997877425339,0.4581160507642341,False,True
08267500,0.015538872568228003,-2.461220466921476,0.2241539075270277,0.000835734389738333,0.028909071063220503,0.023032438142988748,-1.348026864653515,-0.4091139371842196,False,True
08380500,0.0016370658380737775,-263.9130589640848,0.003760627642341791,0.0007099629072861472,0.026645129147484858,0.026493171877937576,-3154.606842484464,-0.009929098641345715,True,True
09034900,0.018874794432544712,-0.004738211470781906,0.4988182468305162,0.000357945889972708,0.01891945797248716,0.005983022715171116,0.10148408301194856,0.2693368011122317,False,True
09306242,0.029336874515129573,-6.1977587292699505,0.12198456102757917,0.006194766930879736,0.0787068417031184,0.07094457100883635,-4.27124821303284,0.35480311382680696,False,True
09352900,0.032092987847940325,-1.3526852195496417,0.2982683832555946,0.0024231713605445135,0.049225718486828746,0.03798560706544506,-1.2086942635217568,0.2573039230533764,False,True
09386900,0.06576887766446417,-1.4608724013647962,0.28894448683102264,0.010644614973934777,0.10317274336730015,0.09158609813884949,-1.33353865947414,0.6607192313135974,False,True
10172700,0.04605426605748588,-3.3758728462144507,0.186016304441459,0.009281206274484963,0.09633901740460592,0.08246345538815888,-0.4435946627870566,0.36341774302879426,False,True
10242000,0.005706232876400874,-35.90863247258784,0.02637921588765069,0.0012017854380538765,0.03466677715124203,0.03401654672119373,-47.11529333244761,-0.07371773302514577,True,True
10244950,0.029876464861432365,-2.1560378413801318,0.24061378605444106,0.0028170893269925724,0.05307625954221503,0.04516442089982505,-0.8024831116461681,0.3838894024051548,False,True
10259200,0.0018813203329935174,-86.28601852959545,0.01132682180774499,0.0003089371833090205,0.017576608982082423,0.01706749533252353,-1249.6664833465081,0.5417770916254,True,True
10316500,0.05521256301383604,-0.17333094096334523,0.460123205882645,0.0035768138547811242,0.05980647000769335,0.023421645566210923,-0.9744789237298606,0.07500412710270496,False,True
10343500,0.061911892247483065,-0.04911657721160023,0.4880151823088472,0.004021350289403707,0.06341411742982557,0.022021573647596514,-0.5274705769348524,0.5142930922506093,False,True
11151300,0.0005818957095809165,-3355.9258173339767,0.0002978028861858388,0.0011366638662490343,0.033714445957912974,0.033665889406824245,-6020.27436398849,0.11086795535368947,True,True
11176400,0.016219205048483547,-5.485259912605951,0.1335958953564053,0.0017060294147339494,0.041304108932816226,0.03848173650084046,-47.678111045997724,0.4678980864204262,False,True
11224500,0.023676990354093097,-2.0954321025969787,0.24417447901672795,0.001735298841205751,0.04165691828743157,0.033385787434959124,-24.134501712222846,0.36928116451662785,False,True
11274500,0.008167022148338855,-20.516285023514378,0.04441229976240185,0.0014351416067385618,0.037883262884004086,0.03712177432729827,-36.816573454430475,0.36003385273701377,True,True
11482500,0.25810761058423043,-0.034371661633744166,0.4915522659202445,0.06890936288188254,0.2625059292318605,0.1524803280009011,-0.3319666658101965,0.7922080065432247,False,True
12374250,0.009882490770544487,-8.455137025675215,0.09564676173485329,0.0009234229457356748,0.03038787497893979,0.02794812722786397,-2.3913558585374597,-0.12729628561656833,True,True
12447390,0.046645389878644895,-0.9763555648590885,0.33598136318344873,0.004300139411652256,0.065575448238287,0.044405821014252965,-1.2777805468599372,-0.49822951311954483,False,True
13018300,0.05917644309266956,-0.07489932332385885,0.48195109457072965,0.0037641377186214426,0.06135256896513334,0.016824290284964207,-0.8188202357297512,-0.3113779271209374,False,True
13161500,0.27924024894310306,-0.04654056123451511,0.4886294554537339,0.08160412232008413,0.2856643525539792,0.19384569648516373,0.3487837446249712,0.6426372186097241,False,True
13338500,0.05581799040558102,-2.1488981923839665,0.24102784730550297,0.009810858521936649,0.09904977800044101,0.08123181981838404,-10.511920743934988,-0.10663237012604138,False,True
14020000,0.040222592500700524,-0.9309981346371901,0.3411807016123481,0.0031240787476886976,0.055893458898950754,0.04128147375191818,-11.094819275128174,0.490575429095193,False,True
14154500,0.06662761551214805,-1.304300872664129,0.30263587927867447,0.010229342644624405,0.1011402127970097,0.07931553318266422,-1.4924436483111134,0.5359093036994944,False,True
14166500,0.12649462504281225,-0.6514030365832844,0.37715880467899154,0.02642391860605697,0.16255435585076447,0.12607448807249935,-0.44894285350977303,0.7087121719364211,False,True
14308990,0.06929184484569109,-0.4395648427730203,0.4099091700564571,0.006911868711052016,0.0831376491792498,0.058337230824666124,-0.8818835047915576,0.5716204678205017,False,True
