basin,std_obs,NSE,NNSE,MSE,RMSE,MAE,KGE,Pearson-r,low_var_flag,neg_basin_flag
01052500,0.005529097159749083,-3.4158506703437457,0.18464320027799616,0.0001349965972707024,0.011618803607545072,0.00997125846521911,0.18026005581351723,0.4578712694528089,True,True
01137500,0.004347148202928372,-1.7515002926935854,0.2665600218524834,5.199702019759646e-05,0.00721089593584573,0.004900493085042617,0.0471549236858515,0.21647725961240727,True,True
01142500,0.00951460930534526,-1.7412910799416679,0.2672874092479304,0.00024816302385354737,0.015753190910210775,0.007416571240548349,0.012644229916435212,0.31795239304190287,True,True
01162500,0.004935320105368157,-6.104460181941155,0.12338884731993133,0.00017304606861807324,0.013154697587480802,0.008039967533133381,-0.8993595788669908,0.2671203598623147,True,True
01487000,0.007744244094171833,-6.630027677819514,0.11587448352803692,0.000457598065513212,0.021391541915280723,0.01056057401729618,-1.0546044707545028,0.4892968483335029,True,True
01543500,0.005835246912906666,-1.204966161289216,0.31201577479299947,7.507933269705666e-05,0.00866483310266601,0.006047970822368838,-24.468456261829726,0.38702086976055605,True,True
01583500,0.005032018301648334,-0.026097194516714106,0.493559737759042,2.5982020683607472e-05,0.005097256191678762,0.0022619980373993005,-0.7912142588413842,0.4083591288555008,True,True
01634500,0.013915457978299782,-0.6157713252771144,0.3822964149567089,0.00031287791215860666,0.01768835527002459,0.00512353751518197,0.15305297261324868,0.7043277317989503,False,True
02014000,0.0033015033658087356,-21.109998922835302,0.04327131313761709,0.00024099731838899628,0.015524088327144891,0.008246398984547048,-44.141592864893475,0.295499450092222,True,True
02015700,0.010836732323736569,-1.098117646339135,0.32277663864109285,0.00024639195789383136,0.015696877329387248,0.008535290275857425,-44.549267495374345,0.2331504687399107,False,True
02028500,0.005034801536083896,-1.7468769900197985,0.26688893247993073,6.9631207008946e-05,0.00834453156318232,0.006573763011658847,0.09461645926492512,0.4095320292630042,True,True
02051000,0.016553285458212948,-3.3214810634410874,0.18791760941705937,0.0011841344689307181,0.034411254974655,0.006479309158951897,-1.526514966016252,0.7712684016598577,False,True
02070000,0.0049530832015809365,-5.9345186215526695,0.1260315902824505,0.0001701247755809359,0.013043188857826751,0.0050268687476768825,-0.9556890880520175,0.35615116600564906,True,True
02082950,0.003727685067306706,-44.77949628475729,0.021376886871820412,0.000636135214851919,0.025221721092183996,0.009872704024767838,-8.020289755369946,0.7389782599049327,True,True
02128000,0.01300061191020366,-0.8876492397110611,0.3463024477654565,0.00031904275408556804,0.017861767944007335,0.004912042723818623,-0.010723721322011714,0.6809152512546632,False,True
02137727,0.0045840264618829335,-19.41046321887656,0.046706135676613886,0.00042889115824876087,0.02070968754589892,0.007119577659801059,-2.7669733460981503,0.3444007640449132,True,True
02196000,0.009450526189242596,-6.1609242789115575,0.12253514011691974,0.0006395596576251785,0.025289516753492513,0.009229295936671078,-4.5204702114389645,0.6160695688167167,True,True
02198100,0.028943994651848635,-0.8962579200911152,0.34527311710158065,0.0015885992246673943,0.039857235537194426,0.01270604994262206,0.14991093256748544,0.34124208793868516,False,True
02215100,0.00012339559492717227,-307.11154242995167,0.0032350781602618795,4.691452034789676e-06,0.0021659760005110114,0.0011567388118005173,-573.6871561225138,0.2837584402769617,True,True
02216180,0.03122530980029219,-0.09937149080101149,0.47633303795054005,0.0010719091603149683,0.03274002382886989,0.012408477193883128,0.2929335487341014,0.8110650074108946,False,True
02349900,0.004207755264199937,-21.384408336453397,0.042763536524510815,0.00039632052415075305,0.019907800585467823,0.007434205813597161,-47.565781052129914,0.17843161131508695,True,True
02408540,0.011375727682925522,-1.694421249487959,0.2706783911386928,0.00034867745647996075,0.018672907017386466,0.006563465633537113,0.006501571852554511,0.40719999629994835,False,True
02430085,0.01200434890722849,-0.5201399938064513,0.39680335316991155,0.00021905885060590483,0.014800636831092938,0.008128490686370024,-5.564408497816627,0.42568941299743934,False,True
02481000,0.0015017901608579578,-166.38161629560042,0.005938890610507393,0.0003775080931224347,0.019429567497050333,0.006763252670686631,-41.14934050386008,0.6838601451796175,True,True
03028000,0.0009403486561162638,-70.20286423580856,0.01384986607642161,6.296153108478732e-05,0.007934830249273599,0.005753618274500571,-383.8279435268659,0.15096192051884333,True,True
03076600,0.006280899892828957,-0.2805634789733029,0.4384881233168719,5.0517849511990515e-05,0.007107590978101548,0.0045306528698134734,0.2579732773862242,0.2711987222290045,True,True
03165000,0.03060735015806158,-0.3959319857643153,0.41737411827280835,0.0013077228812344549,0.03616245126141831,0.018348296267821015,0.3951943325258287,0.5924802691634379,False,True
03456500,0.1204945083432878,-0.1916855536335904,0.4562698322951038,0.01730199501304671,0.13153704806269112,0.06593595596841306,0.4173489489473776,0.4454278053561079,False,True
03488000,0.006528221393032137,-1.3515848645032222,0.2983663074120672,0.00010021907844725416,0.010010947929504686,0.004408667391362572,0.14043198414002067,0.3281576369283099,True,True
03504000,0.018993462662088234,-3.5671634761410553,0.17962468756048847,0.0016476116406170243,0.04059078270515394,0.015223908851955717,-0.6098401137453191,0.6049498875090539,False,True
05123400,0.09672592068079616,-0.3500667396533621,0.42551983019320605,0.012631094447361288,0.11238814193393042,0.07188015587672549,0.32737860134899643,0.38257228028228046,False,True
05458000,0.027799654702567202,-0.33259950323762477,0.4287062560941173,0.001029860616279832,0.032091441480242545,0.01224851697694985,-2.4318247103159396,0.22449767134228507,False,True
05495000,0.019145172071354247,-0.865055311315847,0.3490334012227937,0.0006836129231196054,0.02614599248679624,0.007732776430301254,0.261289658382834,0.4720250930812209,False,True
06280300,0.005946737507728681,-1.3740898333116909,0.2963762227452295,8.39565697414691e-05,0.00916278176873536,0.005522842362963198,-0.294890977188456,0.7047604758460534,True,True
06350000,0.0026210462035375836,-3.790023952698366,0.17271085718634427,3.290690508540748e-05,0.005736454051538065,0.0050356044797903185,-120.91164781572124,0.07600303854864306,True,True
06352000,0.000952774531365796,-64.54656483874747,0.015027071681658599,5.9501815246142524e-05,0.007713741974304205,0.007381357825092315,-268.67434926435186,0.06608896895522237,True,True
06404000,0.00016282937064242124,-964.3317902025343,0.001034841252392627,2.5594231693438136e-05,0.005059074193312264,0.0036004719179877093,-3395.940567819485,0.01314506345176006,True,True
06468250,3.9918424144596445,-0.0821076199498767,0.4802825706118271,17.24317484556123,4.152490198129459,1.5706732995538217,0.042870294685664945,0.8179478224135148,False,True
07066000,0.07235003487705426,-0.02187906320486488,0.49458942337278466,0.0053490541057530615,0.07313722790585558,0.02716213366580345,-0.31427829271373575,0.576167085087957,False,True
07142300,0.00034536379808000877,-667.4401984033409,0.0014937854081440972,7.972897539231629e-05,0.008929108320113285,0.008073739124831945,-1275.2188867974176,0.12569733793110258,True,True
08070000,0.07618565565676773,-0.2689095169003832,0.4407403611961248,0.007365073301339209,0.08582000525133525,0.007791415691872826,-0.07144950237985981,0.6463896251013926,False,True
08070200,0.012178208337078174,-16.965071867483395,0.052728510969396965,0.0026643775014597256,0.051617608443822016,0.011409710746104126,-3.1338270813863094,0.7802007047564937,False,True
08176900,0.045806801950543014,-0.019748682220145142,0.4951111040710181,0.002139701036209913,0.04625690257907368,0.010105534557551775,-0.48770047091878643,0.17686706186580944,False,True
08196000,0.022145368414338867,-1.4006359777069495,0.29406264197507564,0.0011773135157930592,0.03431200250339608,0.013004597096249976,-0.49954638534238294,0.6004231080632761,False,True
08269000,0.006087915548185234,-0.17177625380175643,0.4604525895563465,4.3429210184251894e-05,0.006590084231954239,0.004273523607383273,-0.6934026053283784,0.6199981053241079,True,True
08324000,0.002513507214792353,-1.7369870509941614,0.2675952542393657,1.7291513777817773e-05,0.004158306599785275,0.0028325368591761695,-1.0646806186952005,0.25407386955686856,True,True
09312600,0.006971621263071909,-0.45822546005988896,0.406797511557641,7.08748655747797e-05,0.008418721136537289,0.006266426068825557,-2.674453601898395,0.4290809328309493,True,True
09386900,0.004050745198389212,-1.254247387551668,0.30729071300026445,3.698890090447525e-05,0.006081850121835892,0.004184001735215727,-1.0390846180591824,0.22962499559725524,True,True
09494000,0.00020756216368385806,-2546.0193057430174,0.0003924617045664001,0.00010973081764810915,0.010475247856165942,0.006518905422979702,-1441.209910007966,0.205610120782306,True,True
09497800,0.00943719216212253,-37.6092423111863,0.02524663289803914,0.0034385621276681088,0.05863925415340912,0.04499627071330098,-18.902613930631382,0.44242902604307716,True,True
09505200,0.0013305145759303586,-16.173280843047625,0.055025837581911374,3.0401327336084845e-05,0.005513739868372904,0.003506246601770966,-115.50366981794888,0.2892236119595641,True,True
10172700,0.011751057055998826,-0.46656124515120556,0.4054227325454868,0.00020251354412537912,0.014230725354857324,0.010213529588671628,0.33194951438172793,0.3473778963905166,False,True
10329500,0.006413339067264353,-0.1051589871999099,0.47502350467605714,4.5456203670308835e-05,0.006742121600083229,0.0050177706744230915,-2.4886610693756337,0.7535202135004597,True,True
11253310,0.1678883385097106,-0.01489753237314373,0.4963031538493182,0.028606403417493594,0.16913427629399547,0.0356803946654658,-0.29525945279345667,0.39668981169494283,False,True
12082500,0.009837534564894976,-1.653035510673679,0.27374494364430196,0.0002567530466145623,0.016023515426227864,0.010069779293205638,0.07854747813841467,0.4859633347372595,True,True
12358500,0.019953952708277666,-0.1320291448640929,0.4690367401444437,0.0004507289831962459,0.021230378781271094,0.011341159137517707,-0.23925232610187708,0.45482654932772537,False,True
13011500,0.004590278353971934,-0.4422096401905906,0.40946525783182147,3.0388302295339213e-05,0.005512558597905261,0.0030332075231688936,-0.6178059129443159,-0.4623723771472383,True,True
13161500,0.03790748013444613,-0.01604543226972277,0.4960205677875874,0.00146003396807465,0.03821039083907216,0.014634593336772321,-0.3773986862356056,0.548992238119531,False,True
14096850,0.005259250046366848,-0.5308461341809652,0.395124771314326,4.234276173377603e-05,0.006507131605690485,0.0033742614500156627,-0.005083688323955116,0.2362274604544464,True,True
394220106431500,0.024462892560854856,-0.6049442351572292,0.3838853770854876,0.0009604517739440799,0.030991156382814758,0.022421345936077662,-1.2242266397391144,0.45456797722803916,False,True
