basin,std_obs,NSE,NNSE,MSE,RMSE,MAE,KGE,Pearson-r,low_var_flag,neg_basin_flag
01078000,0.004984973625852713,-25.35768999602136,0.036552793753618466,0.0006549875961385811,0.025592725453506923,0.020502164381259364,-3.9699396210718634,0.13845725942138107,True,True
01134500,3.8260074463433997,-0.19675719779694378,0.45521644403981804,17.51853035693526,4.185514347954772,3.3863547540305956,0.06470117666048736,0.7032092515945597,False,True
01170100,0.0073746416531355165,-1.7224149883660034,0.2686428039660783,0.00014805946343528188,0.012167968747300507,0.00648163575727748,0.06499839138475338,0.4548233812256219,True,True
01195100,0.009691993439698808,-0.13086095005287257,0.46929387859643645,0.00010622712574038096,0.010306654439748184,0.004560465606233867,-3.167640834321041,0.4812118247968625,True,True
01440400,0.01145941999381803,-2.9237528323992734,0.2030971159680886,0.0005152605774468947,0.022699351916891694,0.01801535049053953,0.07989575694785744,0.25008806099929615,False,True
01484100,0.04503032874455597,-0.6864085213017654,0.37224420339294684,0.0034195820056432177,0.05847719218330526,0.03749568489711981,0.30482768290482865,0.3627309836685648,False,True
01487000,2.7631728363366097,-0.20251295098133282,0.45402684218244826,9.181335640820873,3.0300718870714722,1.4192774334020966,0.29789708060243747,0.7697394138684335,False,True
01620500,0.35836170076010965,-0.39299788862629415,0.4178858680790781,0.17889311909117328,0.42295758545174866,0.3251282077992354,0.11656338820298029,0.4516889841707204,False,True
02014000,0.004141553396481093,-13.151151962500336,0.06600158208927197,0.00024272713217897643,0.015579702570298845,0.011085682551252491,-4.902772262234978,0.2557365648128135,True,True
02028500,0.011954534419572836,-1.1710277233096007,0.31535517417561404,0.00031026351107571703,0.01761429848378064,0.01084211842293599,0.2032179545326135,0.3231735814617672,False,True
02108000,0.021899176343657303,-0.30591674368011557,0.43366700152584664,0.0006262836178768942,0.025025659189657608,0.0096214499624564,0.20548191586623155,0.22687416745554842,False,True
02137727,0.01322786137965635,-3.5004036468924644,0.18180483909848416,0.0007874640537038005,0.028061789923378027,0.013597270286871332,-0.45745872165260115,0.4512024052297874,False,True
02140991,0.01489550578448907,-0.8727722918171092,0.3480958107429642,0.00041552339839250757,0.020384391047870612,0.008091743166367495,0.13438609114615252,0.30631649182442555,False,True
02177000,0.05351513734874234,-0.19615935295796905,0.4553403643743416,0.003425644796987749,0.0585290081667864,0.043896847461579146,0.20055113698892058,0.3254501104061905,False,True
02212600,0.02924020546115091,-0.08259947792303235,0.4801691398661522,0.0009256113112728262,0.03042386088702133,0.015881098070926334,-0.6255355014065407,0.4602438912282546,False,True
02231000,0.04999375602488386,-0.020609518271853533,0.4949001729217133,0.002550886569426828,0.050506302274338284,0.02627241465155164,0.16259890809728872,0.2738229433912681,False,True
02235200,1.6556586296645495,-0.09536330231074097,0.477244208151022,3.0026159065826827,1.732805790209244,1.0142034714207042,-0.18517561404404836,0.16854817363125477,False,True
02315500,53.17493340165551,-0.19701712244959357,0.45516258830292444,3384.653945083236,58.177778791246716,38.14704166111581,-0.07412262901987621,0.5600808986671268,False,True
02361000,1.4237367822225555,-0.17770611951825788,0.45919878308521045,2.3872414252106497,1.5450700389337209,0.9152554536094136,0.4099662896906323,0.4650827584301578,False,True
02374500,0.006482397681806576,-5.1605329265879405,0.1396544098396471,0.0002588747093471616,0.016089583877377363,0.007809086542810535,-0.7001690896415023,0.30612865461033356,True,True
02422500,0.039671671765276875,-0.015552053989860815,0.49614198651950586,0.00159831800926357,0.03997896958731641,0.011126355556171637,-0.6574520432280484,0.26064755806553525,False,True
03066000,0.056408066289040666,-0.4960849964185383,0.400627383055798,0.004760347881482698,0.06899527434167284,0.03825917442740916,-1.8266256654990816,0.2582179494070091,False,True
03159540,0.012383746324237641,-10.534836051521834,0.07977766888132466,0.0017689498481459711,0.04205888548387809,0.029261634492108026,-1.70594127020057,0.5752462254564221,False,True
03241500,0.030496990297004353,-1.1331498278579328,0.31916762840661167,0.001983971017694528,0.04454178956546905,0.030923831154506653,-42.04221439985612,0.2838809311939145,False,True
04056500,33.979780891651124,-0.09888257933695832,0.47644399445913843,1268.7978579867522,35.62018891003741,22.115755639521755,0.061521513256343474,0.7318083346719618,False,True
04063700,0.006272409328713661,-1.08564737675256,0.32408110127361145,8.205587249123358e-05,0.009058469655037411,0.005723912330042859,-0.05431503440924512,0.2898171518423402,True,True
04122500,11.134674261923502,-0.24313952228247482,0.4458037451823167,154.12564496053918,12.414734993568699,8.52395650875702,0.04303162544967487,0.5438234651273841,False,True
04124000,10.802079173300712,-0.6137308956989667,0.38259485765942974,188.2980515361902,13.722173717607214,10.923960255860413,0.16831444907686377,0.6121122482522006,False,True
04127997,3.046290329403169,-0.13095703805889314,0.46927271744103694,10.495150994155258,3.239622044954513,2.4829863275374353,0.3228121653740824,0.6027748377792561,False,True
05056000,9.611675234572544,-0.14943835820287776,0.46523781255866725,106.19005905239389,10.304856090814363,4.677644763645761,-0.3517308845868836,0.29484618623239817,False,True
05057000,18.92141221357965,-0.19054984187672552,0.4565063898036042,426.2404640866959,20.645591880270615,8.775743305228762,-0.4328972032241829,0.3991120333607972,False,True
05062500,0.030254986849222277,-0.06799507933285498,0.48356014479618825,0.000977604492632694,0.031266667437267665,0.011834829532568274,-1.4161930962971723,0.2202744805369059,False,True
05087500,0.2578512896547803,-0.10362060243166882,0.47537089095060936,0.0733767403693718,0.27088141384999415,0.12354790924485595,-0.3026114017913566,0.2231282814847219,False,True
05120500,0.01861143057456143,-0.16542734700764372,0.4618026097166815,0.00040368695719892683,0.020091962502426855,0.008878913527203625,-1.906412852101555,0.12438443795773006,False,True
05129115,10.71110921180738,-0.017677242381582525,0.49561940779965463,116.75593274607932,10.8053659237473,5.867347784734561,0.06290986747516292,0.514563525556192,False,True
05131500,0.015109445779620324,-0.7793286282688561,0.3597991219278247,0.00040621245510024176,0.02015471297489105,0.008771330157014768,-1.754403057249038,-0.0038631037481256345,False,True
05412500,72.72264344521133,-0.1757119058645027,0.45961967542879145,6217.849845009542,78.85334390505923,44.89005044058008,-0.17416161776713102,0.7190679288678605,False,True
05489000,0.05362235329500716,-0.0009588085378011701,0.49976041272471233,0.0028781136895176416,0.05364805392106634,0.014065830140397174,-5.278613348187276,0.20875218593840966,False,True
06280300,0.0037125440810362093,-16.02729896128026,0.055471427092202735,0.00023468698154618603,0.01531949677849067,0.013495701438505592,-7.132743619559612,0.011964293483121136,True,True
06289000,0.13270972416888255,-0.36783993223638567,0.4223258449128005,0.024090220283339597,0.15521024542000955,0.09016878293770919,-0.33585336647700026,0.1906037037000537,False,True
06339500,0.009292393223263444,-2.749504833105514,0.21054826453269226,0.0003237643873549221,0.017993454014027493,0.013728328699676638,-15.857734563502241,0.12752522703810482,True,True
06350000,0.04398598862252987,-0.097160236999974,0.4768352853335224,0.002122749634317147,0.04607330717798699,0.012282157468276086,-29.348588734838735,0.049139390530677694,False,True
06352000,0.16581338544366367,-0.10548002936750445,0.47495107341407766,0.0303941550307321,0.1743391953369411,0.06364428710348048,-0.5199149617075647,0.17783602171379698,False,True
06353000,7.555658528847733,-0.19231626921902678,0.4561385663375258,68.06692232854651,8.250268015558435,3.5004006360684454,-0.5268120564367358,0.24839938739189626,False,True
06408700,0.15957902081390676,-0.040332526417312886,0.4901161879509577,0.026492550378752828,0.16276532302291183,0.07070581676013596,-0.23161450796743543,0.5100633806854723,False,True
06453600,12.37985514252529,-0.036398591216914467,0.49106299931312475,158.8392910446051,12.603146077254088,4.681530903106576,-0.2620756366405015,0.5821820901403854,False,True
06468170,6.782060910985787,-0.11839127339616673,0.4720563252683806,51.441916672113436,7.172302048304536,2.377684793844023,-0.5886506276981127,0.1463671342172871,False,True
06468250,8.052503534761238,-0.12241085968664356,0.4711623083890749,72.78027768288112,8.531135779184453,3.083805225686633,-0.46002180833329565,0.30010435600336083,False,True
06479215,0.9146708285713719,-0.15906533456303196,0.46316338092769554,0.969700398237248,0.9847336686826789,0.5042433389655494,-0.32113938210464044,0.30970388574664887,False,True
06784000,19.256899698310285,-0.04636658955563244,0.4886709962446902,388.02222428627704,19.698279729110283,5.733547903572112,-0.410975046821058,0.44241872487479283,False,True
06847900,0.017131668173072913,-5.387264508765304,0.1353681053133345,0.00187462415715344,0.04329693011234677,0.02116591770154348,-79.47348262642272,0.26670316248221126,False,True
07056000,66.0722201618924,-0.04396266909211599,0.48924572602110117,4557.458991807644,67.5089549008696,29.538832405100024,-0.2242899752085321,0.6985886368042188,False,True
07068000,0.0331135588746778,-0.04975213083759322,0.4878638665404722,0.001151061379948755,0.03392729550006536,0.012076379488090504,-0.20903388416230073,0.2695596087722699,False,True
07180500,0.013615273174857875,-0.7248145034763069,0.36699745935886796,0.0003197386332136777,0.017881236903907898,0.010198820674523067,-7.591053156536006,0.3959247231858082,False,True
07184000,0.00034239513203574974,-5147.582867804888,0.00019419048603955562,0.0006035911594950732,0.024568092304757264,0.015983624378467308,-2335.936329267727,0.19586309471017224,True,True
07208500,0.2274045886948886,-1.6429478964571045,0.27450296529701546,0.13667436009139614,0.3696949554584105,0.20793357471298793,-2.671308331120832,0.040491416779314705,False,True
07292500,0.003339854037426359,-17.1456978578948,0.05223105511338916,0.00020240845481049084,0.014227032537057432,0.0057139379424541795,-2.86740106572966,0.18639855001198113,True,True
08079600,0.5870657098041253,-0.37078429948701563,0.4218013423728078,0.47243552804690186,0.687339456198247,0.41485480702044536,-5.044323054274694,0.22522107419575965,False,True
08104900,2.577931661940284,-0.06421494758886492,0.4844456732415701,7.072486963461976,2.659414778379254,1.3668717581692356,-0.0340764386931085,0.38104933858859447,False,True
08164000,0.030998733347810125,-3.956738724704686,0.16787709621250452,0.004763036657628296,0.06901475681061475,0.024079070801036686,-0.8638319392971936,0.14687965027011826,False,True
08171300,0.030864131557791784,-2.6107931213670135,0.21688242644543523,0.0034396220898529092,0.05864829144871067,0.029943648095642927,-0.6287778495652074,0.10074775947662899,False,True
08194200,0.07386319289921549,-0.11482057231289655,0.4728533536565417,0.006082206044352898,0.07798849943647396,0.014454003156458676,-9.42292375219809,0.019878674335689035,False,True
08202700,0.06345403085675015,-0.017199918414478432,0.49573668473375765,0.004095668024822186,0.06399740639137017,0.017947345950024177,0.013287856447107504,0.22791419017825668,False,True
08267500,0.015538872568228003,-0.8342344151831147,0.35282896666660923,0.0004428879333923359,0.0210449027888545,0.014924643559787681,0.05475932941698991,0.15487206755709995,False,True
08269000,0.5363660649598964,-2.619790702065316,0.216460022648416,1.041372358798313,1.0204765351532161,0.6249597832960544,-1.441763860900155,0.4302408542617808,False,True
08324000,3.3930641870556415,-0.6123314174623349,0.3827998213838494,18.562585509887874,4.3084319084659874,3.040321323246828,-0.025509365292645914,0.33478188167122586,False,True
08377900,1.448640841473087,-0.5699638520423196,0.3891105313428093,3.2946637928381852,1.8151208755447075,1.271493672924981,-0.2629189971678787,0.44152380647464806,False,True
08378500,4.463837087855918,-0.502245623661097,0.39964102266542295,29.933508261622034,5.471152370536031,3.5629468132750364,0.1600709543481943,0.3706392236549207,False,True
08380500,0.0016370658380737775,-147.8594977224316,0.006672917066972898,0.00039894115523576813,0.019973511339666045,0.015817102119807733,-1877.615269937502,0.010552419594911997,True,True
09034900,0.018874794432544712,-1.8035418044363039,0.2629128458200824,0.000998783817324566,0.031603541214942445,0.021955962133867406,-2.8838475729993616,0.38683525941886404,False,True
09210500,2.542943044598803,-0.09200400011242804,0.4780105582715225,7.061508653220519,2.6573499305173414,1.6576972336610034,0.34486107846334846,0.5218109417275034,False,True
09306242,0.029336874515129573,-1.0622552804311676,0.32655670687885935,0.0017748845570908526,0.04212937878833312,0.027220535047637755,-0.5106578942797848,0.042558255447199524,False,True
09312600,0.18581487385877182,-0.30455769075668115,0.4339227453540809,0.04504268170276916,0.21223261225073106,0.1423765109142724,-0.058040565000508915,0.39462406836598535,False,True
09352900,0.032092987847940325,-0.13756227668895882,0.4678226271605897,0.001171643493487054,0.03422927830800781,0.026135634889015956,-0.11275141737986294,0.51288647668642,False,True
09386900,0.06576887766446417,-18.09803803657871,0.04975610048005611,0.08260942808095074,0.287418559040558,0.21002757938257494,-4.165130513803731,0.39387790499957387,False,True
09404450,0.6316102144250614,-0.033552300087494435,0.49175032280063535,0.4123165311258528,0.6421187827231445,0.2636282629711354,-0.10800124226869467,0.1240170702073524,False,True
09430500,7.361422358805466,-0.08545348407850883,0.4795120138782985,58.82130951873026,7.669505167788223,3.8683535403414013,-0.2962094594716673,0.2243555138414723,False,True
09497800,15.030433575731601,-0.33361417569640683,0.42851985148812183,301.2820241689014,17.357477471363786,12.24285487305972,0.3475684080060454,0.4202993216827056,False,True
09510200,3.1884345910417857,-0.09960402282260472,0.4762802838678358,11.178701105908232,3.3434564608961534,0.7751477650865031,-0.30019570857965894,0.5056564249808948,False,True
10172700,0.04605426605748588,-2.1307888442035123,0.24208451163105077,0.006640388806097662,0.08148858083251703,0.0684135411248283,-0.3391042880668935,0.14437282786342528,False,True
10205030,0.46180445312708573,-0.9175609051738625,0.34275205642721907,0.40894546808104143,0.6394884424921544,0.46147409688455426,-0.37822417404817976,0.5862151122881103,False,True
10242000,0.005706232876400874,-4.567734944900456,0.15225949408577366,0.000181291538902035,0.013464454645548591,0.007258716103680779,-7.854729434677676,0.13735377933334114,True,True
10244950,0.029876464861432365,-0.5380393625214384,0.39400492158109834,0.0013728587838347584,0.03705210903355919,0.0275617258421451,0.27797637090647065,0.2859776653691446,False,True
10249300,0.25284443382833405,-0.17817916047277893,0.4590990576656456,0.07532135627592525,0.2744473652194993,0.2240647059983656,-0.12068367024132587,0.5240910474781432,False,True
10259200,0.0018813203329935174,-42.18526989480315,0.022631976728462056,0.00015284848440207758,0.012363190704752457,0.007919197999657459,-584.0989024630945,0.4981179314327531,True,True
10263500,0.46897026498585187,-0.10491894635790344,0.47507767542796775,0.2430082595526568,0.4929586793562487,0.26536196451161903,0.393073858049668,0.4016477762495496,False,True
10343500,0.061911892247483065,-0.076760075646509,0.4815192721232825,0.004127310096774981,0.06424414445515622,0.021503052500688007,-0.15449516835626298,0.2017759821198955,False,True
11151300,0.0005818957095809165,-436.09944127572584,0.002282586796020659,0.00014800301463031398,0.01216564896050819,0.010613024555168863,-1897.9003195508915,0.18406473505404983,True,True
11176400,0.016219205048483547,-0.07759395003496605,0.48132600693372735,0.0002834746796077564,0.016836706317084598,0.0074963840207675795,-6.75918030048709,0.3624574475443913,False,True
11224500,0.023676990354093097,-15.028036947243347,0.058726675488091955,0.008985315464687359,0.09479090391323082,0.0461921805160307,-33.869303023766925,0.08978125176259304,False,True
11274500,0.008167022148338855,-0.60589975572963,0.38374461557904727,0.00010711391642098847,0.010349585326040288,0.00554821958509559,-1.7977730194711241,0.488962936052235,True,True
12374250,0.009882490770544487,-4.071976054151087,0.16469103156563886,0.0004953475614268569,0.022256404952886187,0.015454123754753584,-0.7607325498341804,0.40488895474455955,True,True
