basin,std_obs,NSE,NNSE,MSE,RMSE,MAE,KGE,Pearson-r,low_var_flag,neg_basin_flag
01078000,0.004984973625852713,-2.289491385032973,0.23312787233685356,8.17437360833422e-05,0.009041224257994168,0.005422374956428244,-0.11520090620982582,0.33059626504670986,True,True
01170100,0.0073846827799371505,-2.265663826692344,0.23443010059595207,0.0001780882081367013,0.013344969394371098,0.0069268772495008155,-0.25418394072932227,0.6111001372230961,True,True
01195100,0.009691993928290548,-0.2092659824485823,0.45263902488177366,0.00011359209327780863,0.010657959151629764,0.0027774065103821684,-1.7662411590814577,0.5757556748821321,True,True
01440400,0.011494481442825409,-4.504650119789783,0.15373617052170024,0.0007272914582759388,0.026968341778387837,0.02314508555926386,-0.07025189093124817,0.3528257900169212,False,True
01484100,0.04503032901267378,-4.267810327492897,0.15954535120720487,0.010681699832519934,0.10335230927521617,0.04019457431534849,-0.4946701165220766,0.23305175549421606,False,True
02014000,0.004141553396481093,-4.252160198741714,0.1599447180194225,9.008749154580418e-05,0.0094914430697236,0.006300759534522646,-2.166225419613571,0.42650591920067604,True,True
02016000,0.0007518599556405689,-87.92559603869431,0.011120304385524533,5.0269051899998204e-05,0.007090067129442302,0.004601063422172092,-1203.9919382453634,0.009302039841389796,True,True
02028500,0.011954534419572836,-1.4386883184069892,0.2908085605337041,0.00034851512579251755,0.018668559821060582,0.010056195600535493,0.0593584565209162,0.5005577310021848,False,True
02081500,0.00022877395532985585,-4884.893756198029,0.0002046289626680964,0.0002557155750682953,0.015991109250714765,0.005933409580459623,-2692.645234676702,0.018356489277415282,True,True
02108000,0.021899177329048808,-0.43341053879191094,0.4109458655079464,0.0006874263794158436,0.026218817277212248,0.008505689672949042,0.027875893203059277,0.13751592353411596,False,True
02137727,0.013230158515496882,-10.05012035177331,0.08298672302080691,0.0019341809585388798,0.043979324216486995,0.012299212082330355,-1.7608143275010653,0.5339417050570334,False,True
02140991,0.015022783407502701,-0.5000772414640366,0.399987641747582,0.0003385434641273233,0.018399550650146958,0.004890579223632813,0.3747798294813286,0.48926510215189395,False,True
02369800,0.061047732041231234,-0.2033286187607255,0.4538587623676652,0.004484595886421664,0.06696712541554747,0.019578311867855767,0.19436682415082118,0.3489045789958559,False,True
02374500,0.006482397980798013,-1.9346456365133968,0.2541524936121386,0.00012331816343213377,0.011104871157835816,0.003662219112323913,-0.0398875955379594,0.4038466858196747,True,True
02464146,0.05303909819007552,-1.2196693291793586,0.3105909016609739,0.006244253754457057,0.07902059069924153,0.009623681601084141,-0.09244791026034238,0.7314728256455857,False,True
03159540,0.012379972461035338,-9.213065947632751,0.08918167472395142,0.001565292460702298,0.03956377712886243,0.014690278064655598,-1.64871542897176,0.5584820194416437,False,True
03173000,0.027298534567297708,-0.1004320033773427,0.4760925363887393,0.0008200529217064457,0.028636566164721038,0.010622640971190488,-0.549047170447261,0.08492768924760123,False,True
03241500,0.03049699017202899,-0.9638621947362318,0.33739760295737864,0.001826522260314873,0.04273783172219753,0.02020574599341362,-27.185575515369248,0.44776082899467473,False,True
04063700,0.006272409328713661,-0.5885862548194869,0.3863112531553384,6.249993772665393e-05,0.007905690211907745,0.004199318298455915,0.1421696438529244,0.4119899142285059,True,True
05120500,0.018611432099436064,-0.01581174708817179,0.4960780695144246,0.00035186236320752296,0.01875799464781678,0.0031597678172641166,-0.24866351467755132,0.07331942755147315,False,True
05131500,0.015109445779620324,-0.4158810915600042,0.41392765707449247,0.00032323907185834063,0.01797885068235288,0.007339312263165161,0.34031829448950823,0.35271439710296076,False,True
05466500,0.027242966490473332,-0.1081587722767885,0.474347574362253,0.0008224524167918193,0.02867843121218138,0.010292380589944234,0.4912467320100342,0.502466058012278,False,True
06280300,0.003738169419797857,-0.1711575436447692,0.4605838037534938,1.6365650826421327e-05,0.004045448161381051,0.0027750016385492894,-0.10739779517352677,0.04297027450157023,True,True
06339500,0.009292393223263444,-0.3188558007540434,0.43124716926115925,0.00011388131482603214,0.0106715188621879,0.003509698030319194,-2.6964388325623014,0.2705729394440719,True,True
06450500,0.06532762953131535,-0.0034016211703955523,0.49915103862988586,0.0042822162760609685,0.06543864512702695,0.01429464749678398,-0.7187944130129524,0.30898034786389855,False,True
06470800,0.07468903422034597,-0.004593498718478806,0.4988542568053285,0.0056040764441129265,0.0748603796685064,0.02274351631690973,-0.4913720285749701,0.346128432476579,False,True
06847900,0.01713166809588159,-1.4146899602745333,0.29285235603633025,0.0007086971401548551,0.026621366233814055,0.005385844983065349,-17.684016702427996,0.18723082517000444,False,True
07068000,0.03311355842422535,-0.019845820476498188,0.495087293229189,0.001118268847502233,0.03344052702189714,0.009769348989310972,-0.060412056830668526,0.2532590375134657,False,True
07180500,0.013647000091820651,-11.196054549409222,0.07578022629838017,0.0022714006572443716,0.04765921377073243,0.006272705386925695,-4.660107795898502,0.5915532649041944,False,True
07184000,0.00034239513203574974,-14917.695957155804,6.702549454571015e-05,0.0017489847637964402,0.041820865172739315,0.012912770776441701,-1889.2889475523116,0.32886456479965803,True,True
07292500,0.003339854037426359,-8.403502190337205,0.09612147733566126,0.00010489254053820335,0.010241705938866013,0.0039754036288724955,-2.1032766907622964,0.15411547003968173,True,True
08164000,0.0312084390064552,-1.2648324688123078,0.3062944299753866,0.002205871326930275,0.046966704450389904,0.018272911912781277,0.1587331955403527,0.3671344195839597,False,True
08171300,0.030864131619744033,-0.5558026570989023,0.3912665155200607,0.0014820492419312075,0.038497392664065024,0.018948466304164396,-0.045078515920445206,0.4263856240609879,False,True
08267500,0.015538872568228003,-0.04819255616335316,0.48823534534916324,0.0002530929695537701,0.0159088959250405,0.011070161739425918,0.031498303886301926,0.6444472813978882,False,True
08380500,0.0016439958676073981,-5.44412537973449,0.13433411569374548,1.7416682094123046e-05,0.004173329856855679,0.002576548024568772,-171.23466390519695,0.040212921930667,True,True
09034900,0.018874793859223325,-1.1544510575870683,0.31701236815667355,0.0007675400871166285,0.027704513840106065,0.011052071787989759,0.10317168019495926,0.25116419849440147,False,True
09306242,0.029336874443645678,-0.4036052041833338,0.4160417019648479,0.0012080159098906101,0.03475652327104381,0.021344989561494016,0.10246680810430309,0.2453509256763985,False,True
09352900,0.032219391255088596,-0.006840480181149022,0.4982957090389836,0.0010451902012616147,0.032329401498660856,0.013661583871618579,0.469677319895744,0.6699827810319529,False,True
10172700,0.046054266283253216,-0.4244417984067166,0.4124660780296625,0.0030212345630809636,0.05496575809611802,0.04553204134071684,0.10831796603187793,0.3745926478927342,False,True
10242000,0.005706232876400874,-1.850408826376865,0.25971268119623914,9.281242870713635e-05,0.00963392073390353,0.003819373395252203,-2.9609510335049163,0.18216979689170631,True,True
10244950,0.029972260512021065,-1.0603071906035852,0.3267645820231431,0.0018508489449139424,0.043021493987470294,0.033046084772296945,-0.2462576128376679,0.17867405564944674,False,True
10259200,0.0018813214063554396,-12.810265383239416,0.06752073471496918,4.8879642221233e-05,0.006991397730156181,0.0032866995161263805,-230.42626756976347,0.5368516243655493,True,True
10316500,0.05542675311992643,-0.08412030615713495,0.479818749928059,0.003330553053724672,0.057710943968407515,0.016772009499878823,-0.6722132441231283,0.11235999972189993,False,True
11151300,0.0005843598055584847,-112.69091977236812,0.008719086061780148,3.882276399017953e-05,0.006230791602210712,0.004668296022769779,-826.9255868777271,0.12355341333819225,True,True
11224500,0.02377695630511717,-2.00021516178604,0.24998655311168666,0.0016961525937560582,0.04118437317425213,0.02141855798229528,-14.549935015504715,0.39314695848187214,False,True
11253310,0.0023474923838413555,-4.8068786740317835,0.1469102136071554,3.200008530466645e-05,0.005656861789425869,0.005067665225439245,-10.399562081744405,0.17705157638974406,True,True
11274500,0.008167022148338855,-0.7403195478480342,0.3649209453639439,0.00011607975026393321,0.01077403129120819,0.007720424175448861,-6.195910123795252,0.5124969036821679,True,True
12374250,0.009923650523405991,-17.831909515242057,0.05042378794797535,0.0018545445985978534,0.043064423815927844,0.017846257179786284,-2.5980219853704503,0.2695733386201567,True,True
