basin,std_obs,NSE,NNSE,MSE,RMSE,MAE,KGE,Pearson-r,low_var_flag,neg_basin_flag
01013500,22.67940342235571,-0.0620949773105508,0.48494371549473025,546.2942227356074,23.37293782851457,16.6359304348752,0.28240870066139334,0.35448481895256917,False,True
01052500,3.504661679757918,-0.22786708705974235,0.4488598111657386,15.081465961594626,3.883486315360803,2.142361759409359,0.20050612586157546,0.2379340828177433,False,True
01078000,0.004984973625852713,-20.01732314080865,0.045418782002001,0.0005222796824510795,0.022853439182124853,0.021315268506163696,-3.73884749258523,-0.07932261003124623,True,True
01137500,0.18462258032469,-0.05426764396470096,0.48679148646376835,0.03593523679029717,0.1895659167421643,0.12174456636281818,0.09671456720385929,0.3522372367946652,False,True
01170100,0.007362651243276811,-2.5328416932126085,0.22061216068881936,0.00019151051996074226,0.013838732599510052,0.010859770911361498,-0.1821651606948831,-0.005285410056729363,True,True
01195100,0.009691993439698808,-5.400291530339685,0.13512981156218024,0.000601209700570792,0.024519577903601687,0.02027102431842117,-29.12034391774914,-0.6076242413489602,True,True
01411300,0.18439511503638875,-0.032023360193069283,0.49212032675893386,0.035090402602630126,0.18732432464213003,0.10289271631789512,0.20809819441609323,0.349010307398202,False,True
01440400,0.011448121503026317,-0.5599341591843481,0.3906350467695709,0.00020444416901550978,0.014298397428226346,0.010677383699607416,0.006457626849474374,0.05965595938526505,False,True
01466500,0.12671855774425966,-0.12592350436297428,0.47038381105798377,0.018079621243464003,0.1344604820884709,0.0869472817022732,0.007670337761582879,0.4916114590913183,False,True
01484100,0.04503032874455597,-1.0638241959194916,0.3263894845310756,0.004184879282826231,0.0646906429310007,0.03431218984476874,0.12874769180062073,0.15524027609057067,False,True
01567500,0.0654395384212137,-0.06560943089184934,0.48411862622462903,0.004563294632186735,0.06755216230578215,0.018241588899111854,-0.6839386077017815,-0.18972223856245712,False,True
01586610,0.07177612985685095,-0.059045835843561045,0.4856618452062359,0.0054560059111302996,0.07386478126367328,0.020207317680732226,-0.6931623892854037,-0.04160808379686384,False,True
01594950,0.2765698698797294,-0.015264550281191669,0.4962127676291776,0.0776584920064018,0.27867273280032584,0.08820787073498382,-0.1644753421324927,0.5957625281130376,False,True
01620500,0.35815707054330054,-0.2154777214009096,0.4513699191557077,0.15591721234705236,0.3948635363604145,0.31718790607458325,-0.12532079677753938,0.1973916335127094,False,True
01644000,0.059309374248280713,-0.14467802196009494,0.4662704563392064,0.004026521554855936,0.06345487810134014,0.03702336003508649,-1.7180716353837604,0.3527609326887918,False,True
02014000,0.004141553396481093,-29.143474192457603,0.03210945554180279,0.0005170348720750689,0.022738400824927618,0.021553000528923633,-9.961659380628712,-0.02861233212495267,True,True
02028500,0.011954534419572836,-1.3171939282567324,0.3014596136456589,0.0003311522539787217,0.01819758923535537,0.014621638291696723,0.046324314768723784,0.26007106995153445,False,True
02056900,0.05505391689532778,-0.048483583704984845,0.4881659818778496,0.0031778842964423977,0.05637272653014397,0.021537853931585325,-0.3965740594256253,-0.09990074485732717,False,True
02074500,0.02933944501014545,-0.5427422761796623,0.3932761921520603,0.0013279972312493144,0.03644169632782363,0.019586131632996003,-1.311347019443398,-0.10668535986600307,False,True
02108000,0.021899176343657303,-0.449390169805824,0.4082648866347313,0.0006950897319098513,0.026364554460674112,0.018250613464860517,-0.598750705122274,0.13768931703486226,False,True
02128000,0.07263169332665577,-0.10783604908832412,0.4744202000115319,0.005844237165498229,0.07644761059378004,0.028096517571751762,-8.085412023347025,0.026110366152179692,False,True
02137727,0.013226703203797444,-0.8516117747901908,0.35067887180174645,0.0003239314766693644,0.017998096473498648,0.011887088622901831,0.20254693990167028,0.251009913931209,False,True
02140991,0.01485936682650303,-0.7726359528913769,0.3606676163010777,0.00039139940545871284,0.019783816756599643,0.012407799614768969,-0.46288161164566555,0.04931504223941284,False,True
02177000,0.05351513734874234,-0.4814912707288561,0.40298348488902114,0.004242798295064122,0.0651367660777239,0.047368711494113244,-0.2624186851285806,0.04916858937315131,False,True
02196000,0.04211700161687452,-0.2977651033008122,0.43520549535871544,0.002302030019514543,0.04797947498164755,0.02896653388472819,-4.235394932007061,0.3007948703127996,False,True
02212600,0.02924020546115091,-0.4892660704522962,0.4017248344281258,0.0012733070248196466,0.03568342787372938,0.02840740578712695,-2.252846472596261,0.40430016780617906,False,True
02235200,1.6556586296645495,-0.26026904479718693,0.4424252069911127,3.4546564345354467,1.858670609477496,1.0172461881546233,0.1804796660538136,0.2701613120777902,False,True
02361000,1.4237367822225555,-0.2886939125406378,0.43693042329540605,2.612216614525375,1.6162353215189227,0.8335189587760164,0.10373060182451233,0.29901567375221677,False,True
02374500,0.006482397681806576,-8.205669174164582,0.09798475562302932,0.00038683584037394126,0.019668142778969784,0.017789395783821806,-0.9144194581103913,0.014688321332883754,True,True
02422500,0.039671671765276875,-0.3236244123906533,0.43036215089991814,0.0020831750844413272,0.045641812896086056,0.027850247090422674,-4.16028140279614,0.16308832781396243,False,True
02464146,0.05271537327873356,-0.22512679763883248,0.4494125912559852,0.0034045178196974255,0.05834824607216078,0.02833447594777077,-1.5955408749184357,-0.1842575278558119,False,True
03066000,0.056290013735448716,-0.23249175458447535,0.44792998583151583,0.0039052310329699873,0.06249184773208412,0.03269854665425049,-1.4916892662557917,0.15570407506333275,False,True
03159540,0.01236523915806362,-6.538346119328794,0.11711870027571697,0.001152606634416911,0.0339500608897379,0.029144293621815677,-1.048393659513914,0.49725638897504837,False,True
03173000,0.027298534140496388,-0.27248437328200725,0.4400470303590085,0.0009482680368287676,0.030793961044801747,0.024089125076059814,-0.827539582846885,-0.13670344079098495,False,True
03241500,0.030496990297004353,-1.27382919807261,0.30545270980805184,0.0021148121755206095,0.04598708705191719,0.03619857342146261,-49.20158001627378,0.30868493122646556,False,True
03280700,0.053724568204151946,-0.03471353022190704,0.4914696762698282,0.0029865239056342083,0.05464909793980326,0.02607335060027174,-0.4582232480372854,0.1353416174622903,False,True
03479000,0.03428548571738548,-0.18033794906848333,0.4586444961099884,0.001387480803716629,0.03724890338945066,0.013332858438008285,-0.5466646197894538,-0.2962692563491964,False,True
04056500,33.979780891651124,-0.10174115134630823,0.47579598437202025,1272.098438149332,35.6664890078815,22.464730707655235,0.06776875283011286,0.5308324602084818,False,True
04057510,5.560900103839699,-0.11146472340881441,0.4736048814424751,34.370501596422265,5.862636062081823,3.6753465633607325,0.03807965713972261,0.5363506989147255,False,True
04057800,0.1538200389553778,-0.03908744876695169,0.49041545550422855,0.024585437045897798,0.15679743953871758,0.06153968259292187,-0.1415487499470509,0.4040942365356534,False,True
04063700,0.006272409328713661,-11.136161460806534,0.07612573908927898,0.0004774744419699238,0.02185118857110349,0.019358030389552628,-3.659008147988698,-0.321692736631022,True,True
04115265,0.7770444768429288,-0.07466068702942175,0.48200653063505927,0.6488781013831237,0.8055297023593381,0.421431253555699,0.12615871889722874,0.32865673699096076,False,True
04122200,0.40444480950038336,-0.32522870240218427,0.43006522281739595,0.2167750853431948,0.4655911139005928,0.33865771091773483,-0.05260598401780037,0.30085138449537085,False,True
04122500,11.134674261923502,-0.1722309588598101,0.46035620472184663,145.33433242091564,12.055468983864362,8.044518099202133,0.12868105645588046,0.4010437276298678,False,True
04124000,10.802079173300712,-1.094990141718883,0.3231028062159268,244.45374549411943,15.63501664515006,12.485005641514851,0.09882832586853152,0.4051460067875092,False,True
04127997,3.046290329403169,-0.3888322068778438,0.41861458377898386,12.88820284610123,3.5900143239409545,2.729172427870347,0.21100008798211745,0.5245701825565703,False,True
05056000,9.611675234572544,-0.20756794321387195,0.4529871903032607,111.56032012029458,10.562211895256343,4.744828057679031,-0.4934055871888703,0.11807110520246863,False,True
05057000,18.92141221357965,-0.10785095083276941,0.47441684603217327,396.6326203340437,19.915637582915686,8.316077377143271,-0.3925533237876222,0.23305558410619195,False,True
05057200,0.30716520779279144,-0.07462589939777131,0.48201461299132675,0.10139145317853636,0.31842024618189146,0.1263174946874512,-0.5584109547895242,-0.06437193221717442,False,True
05062500,0.03019265967001476,-1.9047285026633896,0.2560997517030714,0.002647940911467264,0.051458147182611075,0.04118179758809507,-9.07139723169221,-0.08324595108268504,False,True
05087500,0.2574408724510482,-0.0023926381870584823,0.4994025551878715,0.0664343768250341,0.25774866988024225,0.12470746407178229,-0.3164947256617803,0.11207553318508531,False,True
05120500,0.01861143057456143,-1.9951417273293868,0.2503040112843419,0.0010374732096253166,0.03220983094686025,0.02773016751014475,-11.603984954143424,0.03483900386276411,False,True
05129115,10.71110921180738,-0.292036049019194,0.43629331241448804,148.2325316539132,12.175078301756963,7.32185051478164,-0.03940522484089093,0.323491034137801,False,True
05131500,0.015109445779620324,-9.925433172712383,0.08385439635754169,0.002494225609374354,0.04994222271159298,0.04826542402668362,-31.038544669031964,0.021676131638502464,False,True
05454000,0.07126168068619985,-0.13955972974880182,0.4673858766809966,0.005786943140676952,0.07607196027891586,0.02335352625562898,-1.1524087608690872,-0.22526176640211273,False,True
05466500,0.02724296591339867,-0.21325410746391404,0.45182340185323905,0.0009004519528753714,0.030007531602505584,0.02195268046865247,-0.3521518129329284,0.2174551766472714,False,True
05489000,0.05362235329500716,-0.2803008331929995,0.43853862851935477,0.0036813216720640463,0.060673896133873306,0.02902716581930802,-13.434445687774085,-0.09619413702194053,False,True
05501000,0.22376679328746246,-0.038812069506153124,0.49048169517763496,0.05201495933516242,0.22806788317332718,0.04597465339175103,-0.6918723669263134,-0.3967568844854436,False,True
05525500,0.05214379797853842,-0.22715614173216747,0.4490030946919831,0.003336607689748337,0.05776337671698511,0.026511799746705308,-8.644410588125364,-0.08615726147053268,False,True
06280300,0.0036999121645165537,-25.26029117219709,0.03668339394041048,0.0003594863176182361,0.018960124409355444,0.01773588105830758,-9.904165251981489,-0.0180962492383141,True,True
06289000,0.13247564655945485,-0.40658829264957985,0.4155259971363987,0.024685338902008244,0.15711568636520112,0.08550388670741427,-0.6419990006997449,-0.1146513230232838,False,True
06332515,1.1227622005442688,-0.00044272940969913854,0.4998893421433189,1.2611530614330642,1.123010712964513,0.15838071964108325,-0.49615082002010547,0.16539647843758012,False,True
06339500,0.009292393223263444,-15.161558296430886,0.05826976680829569,0.001395527477213831,0.03735675945814668,0.035804346735849646,-44.83595845863498,-0.056057554598801546,True,True
06350000,0.043893734826354815,-0.7602885663132926,0.3622809630138142,0.0033914774934919447,0.05823639320469585,0.038237874418022406,-96.86553968726173,0.011341608050397195,False,True
06352000,0.1655031446250788,-0.05351049294490329,0.4869709716291333,0.028857012358218047,0.16987351870794354,0.06097679580449687,-0.4908764607784484,-0.11063567234823257,False,True
06353000,7.555658528847733,-0.11122004799611473,0.4736597688853702,63.43730321353252,7.964753807465271,3.2999618347459454,-0.4264373841438167,0.21686882388071285,False,True
06431500,0.15066841134932907,-0.014501009317474889,0.4964008433725263,0.023030157158605225,0.15175690151886084,0.04135480082411733,-0.44208737320906333,-0.09162406850466817,False,True
06440200,0.2790914619520673,-0.034766251280030636,0.4914569422266169,0.08060005851363895,0.2839014943843004,0.04092331370448022,-0.7087996939822947,-0.35799459329165073,False,True
06447500,4.496111043289304,-0.06633337095577718,0.4839490152247081,21.55594457019428,4.642837986640744,1.7348960355004055,-0.318766548910129,0.6326595891563441,False,True
06450500,0.06491480374493688,-0.25488892695262555,0.44348082428674307,0.0052880162860404365,0.07271874783053155,0.03565002156733667,-3.172182179120391,-0.02498085434930872,False,True
06453600,12.358726860251135,-0.060826684849430324,0.48524216391009267,162.02868368034626,12.729048812866823,4.574643821137444,-0.270729583149389,0.5601276026440084,False,True
06464500,0.11972764937016057,-0.1378921396894277,0.46775044513951497,0.016311353860700158,0.1277159107578228,0.04063545848315216,-2.088381494299344,-0.26050681995671404,False,True
06468170,6.782060910985787,-0.1127813332727774,0.47330974779626744,51.18387990159519,7.154291013202859,2.353162138597835,-0.6745636921348592,-0.03456864169231372,False,True
06468250,8.052503534761238,-0.12159048828817864,0.4713444962731039,72.72708249355443,8.528017500776745,3.004622356866622,-0.5639720444412852,0.06229623849313407,False,True
06470800,0.07468903315640261,-0.09186724391308054,0.47804180829820914,0.006090928654416038,0.0780444018134295,0.043500096095176854,-0.5824347587281384,-0.13453608190714314,False,True
06477500,0.1960326498348477,-0.0050600869806556315,0.4987381707377469,0.038623252870828656,0.19652799513257305,0.07535248554044942,-0.42862634266880595,0.06235554220224717,False,True
06479215,0.9146708285713719,-0.2251565256981889,0.44940658711019404,1.024993790639409,1.0124197699765691,0.504262385585515,-0.4839851666359507,0.15187214716269262,False,True
06479438,4.245832965445173,-0.09599911550216556,0.47709943797395976,19.75768299229644,4.444961528775749,1.8978193923034858,-0.38293190931998944,0.2561533362784054,False,True
06622700,2.5017517634366486,-0.0002372679232807151,0.4999406900553535,6.260246889293347,2.502048538556626,1.8046785270104853,-0.2148968850897186,0.6462090266590369,False,True
06623800,4.831887787565846,-0.5026907745629967,0.3995699389488553,35.08353127677384,5.923135257342503,4.307795824589349,-0.4338135531956715,0.6659173687589054,False,True
06847900,0.017131668173072913,-5.0899794103417975,0.14104413315239678,0.0017873727483067173,0.042277331376361936,0.03186607673076841,-116.47833950050887,-0.017695903708332305,False,True
06903400,0.07231166532582,-0.25167396417779275,0.44411403067635224,0.006544974297829484,0.0809010154313868,0.02607663991335068,-2.930905247034396,-0.4683371572361512,False,True
07014500,0.06057612274717236,-0.010420456924279842,0.4974083886561168,0.003707704166211477,0.06089092022799029,0.025035739313944077,-1.1101396739481948,0.3252085313690552,False,True
07057500,0.021972700601643046,-0.7479165580683236,0.3639120689687027,0.0008438933656541917,0.02904984278191866,0.020596684132170362,-1.4597504195001099,0.04940893415768034,False,True
07068000,0.0331135588746778,-0.21717864746491689,0.45102364716680926,0.001334645858234397,0.036532805233575986,0.0228555859230383,-1.0988494245448321,0.3704537400597144,False,True
07083000,1.2648703291290484,-0.40963383450308366,0.4150008128542985,2.2552688717490157,1.5017552635995706,0.9693212973627225,0.5058716946477454,0.6350866754155629,False,True
07142300,0.3762541224870051,-0.11865984661822937,0.47199648475718453,0.15836550273657726,0.3979516336649182,0.1601373792199856,-0.3884111341517298,0.26116504573588484,False,True
07180500,0.013586907098665403,-7.328330839209114,0.10720031452966598,0.0015374435569167455,0.039210248110879704,0.03347541948365409,-27.755953812479138,-0.2928956102577395,False,True
07184000,0.00034239513203574974,-10903.795179011911,9.16943683230444e-05,0.0012784174082765326,0.035754963407568084,0.03376580827988651,-4859.429842167566,0.1597854944124601,True,True
07208500,0.2274045886948886,-1.016013880042053,0.3315634608372746,0.10425381724682528,0.3228835970544575,0.20986701065374905,-3.5839570755129957,-0.0034703536158456265,False,True
07292500,0.003339854037426359,-74.89450034179369,0.013004831237019954,0.0008465746902157964,0.02909595659564738,0.028447970627557807,-21.190314192536082,-0.06523052622080257,True,True
07299670,0.45232290640180034,-0.0050273643253706535,0.4987463102961035,0.20562459034588318,0.4534584769809505,0.054853581754877236,-0.5661909455837744,-0.04401938056696307,False,True
07301410,0.10514322147017768,-0.17984129354903722,0.45874899377279105,0.013043259969716392,0.1142070924667833,0.069459946718541,-1.5068380988307521,0.23211720109089987,False,True
07315200,0.14490059537800754,-0.035534791950666555,0.49127138674043164,0.0217422775192502,0.14745262805135145,0.05654988582445038,-1.326728649947801,0.10698671928174866,False,True
07359610,0.05770759209569074,-0.03336684308125859,0.4917951738037844,0.0034412833180281406,0.058662452369706984,0.022377209615079816,-0.1885121827105567,0.06787817174725912,False,True
08079600,0.5870657098041253,-0.11313113570555577,0.47323139728671354,0.3836363577255016,0.6193838532973729,0.17002676689891974,-1.6647561620646325,0.11252452827078731,False,True
08101000,0.08825835519260046,-0.11443060367746982,0.472940562939628,0.008680898712482297,0.09317134061760782,0.04662125224046162,-5.179253710689153,0.36024959177336374,False,True
08104900,2.577931661940284,-0.019465580408992045,0.4951805119637023,6.775094677514595,2.6029012039481243,1.1417779402672887,-0.04211156981540887,0.3570988252121944,False,True
08164000,0.03088671937897295,-8.247687586404721,0.09758299046183531,0.008822196246320742,0.09392654707973003,0.062451721528155923,-3.169513006830093,0.12460332080511675,False,True
08171300,0.030864131557791784,-2.8289987485349317,0.20708226530466373,0.003647483595652175,0.060394400366691074,0.054788233511827565,-2.6291613210405953,0.05985710212976443,False,True
08190500,0.04846534180893126,-0.552701198758341,0.3917418930529001,0.0036471233198313185,0.06039141760077601,0.04053171393397204,-4.14454421455227,0.2383325358637577,False,True
08194200,0.07386319289921549,-0.6576231167035689,0.37627607681271535,0.009043612568753188,0.0950979104331593,0.06121492709363535,-49.286390045488325,0.10567302826860096,False,True
08202700,0.06332379342797458,-0.10028535844582831,0.47612577785143506,0.004412037355154632,0.06642316881295736,0.03606460956750573,-0.7856613233858984,0.3360134837666227,False,True
08267500,0.015538872568228003,-2.076466534501758,0.24531048925248294,0.0007428330285036884,0.027254963373735955,0.023879193936532633,-0.7978850375461632,0.1111358422217718,False,True
08269000,0.5363660649598964,-5.236077009265434,0.13819642863385093,1.794047987658899,1.3394207657263266,0.8812434630396156,-2.8457435273303244,0.443002682837558,False,True
08271000,0.4433854759509315,-0.24068576278740572,0.44629194178303844,0.24390725812533992,0.4938696772685482,0.31806087437585084,-0.36982062478502,0.5800112945396183,False,True
08324000,3.3930641870556415,-0.29474823787948146,0.4357776524208488,14.906287019601521,3.8608660970825603,2.111908791861032,0.2646273604990277,0.2742978518181698,False,True
08377900,1.5062856055714116,-0.9030486864956844,0.3444654595879739,4.317820172135922,2.077936517831072,1.35530172055146,-0.1245968149188148,0.27276071100077,False,True
08378500,4.697549676272405,-1.3087274688752846,0.30223099648032475,50.94662663009732,7.13769056698995,4.528594387263645,-0.038425455592650204,0.21902897376719996,False,True
08380500,0.0016336335265879698,-132.60845567510728,0.007428953812631303,0.0003565687016468931,0.01888302681369947,0.01722251828015314,-1971.2541510062745,0.0002322600051040763,True,True
09034900,0.018874794432544712,-10.34634217480339,0.0809956492248219,0.004042223637289201,0.06357848407511145,0.055515209375522644,-9.591055323044714,0.368962558572077,False,True
09066000,0.16532947270323073,-0.2857554623417047,0.43749211867813836,0.03514462707211451,0.18746900296346194,0.10007340587425083,0.08469411983242925,0.5310531961815145,False,True
09210500,2.542943044598803,-1.269626178711201,0.30584536131716844,14.67667233718457,3.8310145310589165,2.3347670559945874,-0.2192862768920203,0.5941256813262463,False,True
09306242,0.029336874515129573,-9.386117332834665,0.08782625110635865,0.008938834797565772,0.0945454112983056,0.08349393450688782,-5.2991097342357385,0.1391014240020305,False,True
09312600,0.18581487385877182,-3.5618294418300813,0.17979695538289592,0.15750704854722897,0.39687157689513236,0.31949021453452914,-2.5680153386783333,0.39353243838166646,False,True
09352900,0.032025709000013294,-2.0554002678363013,0.2465847842273619,0.0031337591760130638,0.05597998906763973,0.0498916588065412,-1.4852223729625695,0.34681960786018606,False,True
09378170,0.14332943185219338,-0.025893795195391256,0.49360929105543416,0.02107527071205686,0.14517324378843666,0.06165501002318417,-0.33357703641316894,0.009173271624982654,False,True
09378630,0.10629688516548169,-0.17251653993462246,0.46029569009867843,0.013248296975854565,0.11510124663032353,0.06725631931935992,-1.2119129001638744,0.09981608113878837,False,True
09386900,0.06550172481708853,-23.02448459499962,0.03996086297816577,0.10307647346241584,0.3210552498596088,0.2792728331939734,-6.650015497761276,0.28555680199963984,False,True
09404450,0.6316102144250614,-0.31824221543455344,0.43136131045415826,0.5258882955469423,0.7251815604019053,0.3574284186059061,-0.24596769163911136,0.03874078610762009,False,True
09430600,0.9033416755265681,-0.6301088846288858,0.38021239570889565,1.3302115305793993,1.1533479659579755,0.7187253760959159,-0.9474631537020877,0.21516744037368005,False,True
09447800,1.5829362658166288,-0.17709668241291787,0.45932732711331903,2.949436115753935,1.7173922428361945,0.5891431800153126,-1.8263752470176935,0.4424806549130221,False,True
09480000,0.9506939597378353,-0.005475614497991277,0.49863483393704544,0.908767969529792,0.9532932232685765,0.3487294778511305,-1.4131357081902771,0.3451454466917455,False,True
09497800,15.030433575731601,-0.44197469942948264,0.40950465221184706,325.7621763187953,18.048882965956516,12.66353019288284,0.24937618491662406,0.32606782187626077,False,True
09505200,0.1363815783127254,-0.08399808980823376,0.47984688896332833,0.02016229390548543,0.14199399249787095,0.0342789581931442,-20.581104899203922,-0.19494270973208935,False,True
09505800,4.271159057861048,-0.33022199563789645,0.4291436617935841,24.266973419695354,4.926151989098119,2.1584200826836404,0.10211597983351084,0.441986843014401,False,True
09512280,1.0191031633073915,-0.030205579321122444,0.4925609554941666,1.0699419039610722,1.0343799611173219,0.39566673344238557,-3.7879493205674066,0.6989833023219149,False,True
10023000,0.45227126336213436,-0.48173175266460766,0.4029444354436418,0.30308718636931636,0.5505335469971984,0.4388842572838433,-0.27835514805266826,0.34693581364759374,False,True
10166430,0.26802079566569653,-1.4462028819946284,0.29017444249283714,0.1757233433979713,0.41919368244043387,0.3205082380589571,-0.7500691356918641,0.30495670996784224,False,True
10172700,0.04605426605748588,-24.28505823478687,0.03804442779116819,0.053629492763355456,0.23158042396402045,0.21452784739825015,-2.737048959382835,0.22956647305187053,False,True
10172800,0.1887260110449048,-0.12567043313533843,0.4704398124995378,0.040093574807591875,0.20023380036245597,0.13826289563552982,-0.2524263450929025,0.19356387765083874,False,True
10173450,2.3199732189011097,-0.7222003126622125,0.3673498953580078,9.269356956093967,3.0445618660316245,2.1672802890204563,-0.6470528474314083,0.6482981333905387,False,True
10205030,0.46110104015834436,-2.0197896592003146,0.2487692354029631,0.642050069655642,0.8012802691041644,0.6284107673369683,-0.9518969063996985,0.6232454332107065,False,True
10242000,0.005706232876400874,-39.34474651849066,0.02418686977685953,0.001313669069259269,0.03624457296284878,0.032602558875102564,-45.02028356450166,0.16125352935487913,True,True
10244950,0.029828864396598924,-11.321737267211725,0.07506528465031818,0.010963403135543491,0.10470627075559272,0.0881312734070718,-2.7700391107786944,0.39112890042910253,False,True
10249300,0.25185047846454767,-0.5968927091279441,0.3850755930289501,0.1012887702973855,0.31825896734795317,0.2705616254747481,-0.4138272835017007,0.40106483641917723,False,True
10259200,0.0018813203329935174,-225.26170840283805,0.004400213335664214,0.0008008230420197138,0.02829881697208761,0.027559018621290603,-2033.7558401682224,0.11291430201468486,True,True
10263500,0.4681362874312179,-0.08418377220031625,0.47980413883766065,0.23760059060183686,0.48744291009495344,0.22628940421043525,0.2786720697789554,0.3221729722434972,False,True
10316500,0.05510638526215448,-0.11241351087670992,0.4733921624961452,0.003378081344830052,0.05812126413654517,0.03512772479706193,-0.7722250516942337,0.18513608359573455,False,True
10396000,3.3486624002406615,-1.125210114274212,0.31997848574486537,23.831128350210584,4.881713669420871,3.7348009697978375,-0.4621996724883273,0.7416751023836767,False,True
11098000,0.06278567379009503,-0.09257767104854242,0.47787951378594373,0.004306985792799194,0.06562762979720656,0.027301676808249672,-7.225392798812839,0.28695948056874093,False,True
11151300,0.0005806752936372034,-1066.4456757592673,0.0009359390212229294,0.0003599253856601566,0.018971699598616793,0.017605606256694894,-3160.126529847954,0.035632598346478604,True,True
11176400,0.016219205048483547,-3.5499351654024593,0.18018228505332168,0.0011969178308830284,0.034596500269290655,0.03159300822173365,-37.98289634462408,0.24069432611867714,False,True
11224500,0.02362747823154338,-8.089634684479712,0.0991116161557604,0.005074358803508684,0.07123453378459554,0.0410017768102906,-28.864870756890575,0.06795281773328095,False,True
11274500,0.008167022148338855,-4.907295811999817,0.1447744569246235,0.00039401811204156775,0.019849889471772072,0.018683618537019497,-17.244984863661582,0.14035142412119972,True,True
12048000,11.417152807508751,-0.09638031639246836,0.47701268332877605,142.91468530600716,11.95469302433179,7.426544968556549,0.4910650566690583,0.5259703427211917,False,True
12144000,15.524958340066672,-0.04677432785023461,0.48857364800462333,252.29808256043702,15.883893809782192,8.734899452531403,0.48001415546775517,0.6727727547038208,False,True
12374250,0.009862101953813695,-16.00405974008163,0.05554302831898213,0.0016538327887092217,0.04066734302495335,0.03922343086658934,-3.575198089067145,0.05408943049625187,True,True
12447390,0.041478463173572046,-0.37185817870189886,0.4216103681828451,0.002360231110452323,0.048582209814419956,0.04184797891075649,-0.4062238197901329,0.36490281024480176,False,True
13018300,0.059060395185365565,-0.06493554544564151,0.4842766168685358,0.003714633921733197,0.06094779669301587,0.040490989964967916,-0.9221854942227401,0.36941775859092285,False,True
13083000,0.2975182304902662,-0.07673605559216612,0.4815248414969409,0.09530955038668577,0.3087224487896625,0.24347058320716547,0.09380278513211393,0.4601422630889072,False,True
13338500,0.05570266997839132,-0.23878352810618342,0.446671144148498,0.0038436819752581983,0.06199743523129161,0.041369063278616613,-3.640832195641626,0.3455060147933419,False,True
14020000,0.04067744201176292,-0.6305582247836885,0.3801474495331615,0.0026980101594834905,0.05194237344869303,0.037703388608215004,-8.449337839292347,0.10534820370471579,False,True
