basin,std_obs,NSE,NNSE,MSE,RMSE,MAE,KGE,Pearson-r,low_var_flag,neg_basin_flag
01544500,0.005343997675069742,-0.11969086486829128,0.4717669055304137,3.197648011200982e-05,0.0056547749833224855,0.003240226710917647,-0.9679797844667175,0.36483766136830353,True,True
01606500,0.09518543604731626,-0.31571674258560756,0.4318317441896856,0.0119207452940705,0.10918216564105376,0.06378931826015725,0.28294082062766546,0.3083120141668635,False,True
02014000,0.02388788781016676,-0.06823418133934833,0.4835042419386084,0.0006095677357201796,0.024689425585059276,0.008478454938694807,-1.0563133825340083,0.177400099925693,False,True
02016000,0.01074181632127094,-0.7000338512216759,0.3703657269139545,0.000196161156373849,0.014005754402168025,0.005979801288589637,-9.265537906994506,0.0851336229404148,False,True
02017500,0.015515190106884543,-0.1451666965912941,0.4661642386994991,0.0002756658144312514,0.016603186875755252,0.008649409436716647,-0.9990768313259781,0.33772009410719217,False,True
02018000,0.04316257297398747,-0.07064499404089974,0.48294130711826294,0.0019946198740045783,0.04466116740530389,0.020986712223381495,-0.3442836999432637,0.42243451409307575,False,True
02108000,0.11835468900871698,-0.02243662838362237,0.4944530701064403,0.0143221209406012,0.11967506398828956,0.02983202026991413,0.1483185242753905,0.4455091302558789,False,True
02363000,0.005695696199470942,-8.499085294181318,0.09524639261233628,0.00030815940043786143,0.017554469528808365,0.0068369245572670505,-1.4854338330208394,0.3769515993998539,True,True
02372250,0.01752010697304189,-0.27968000907186563,0.43865805552557946,0.00039280308734111963,0.019819260514487406,0.007641867521819662,-1.4418265034321545,0.13527789426966635,False,True
02472000,0.00486880148329656,-7.084926348438156,0.11007243885603057,0.00019165502151306753,0.013843952524949929,0.007799467004708648,-25.33640411461295,0.09780933241193476,True,True
02472500,0.004884673473893066,-6.438597174680744,0.11850310890540083,0.00017748518854122456,0.013322356718735036,0.010171289214219219,-0.848817669441899,-0.07675680166926493,True,True
02479300,0.07852338871848702,-0.03083758915846979,0.4924076673282259,0.006356064763011137,0.07972493187837251,0.05427826650621278,0.04708470888276295,0.6666482848947027,False,True
03281500,0.1937519239517482,-0.07358158421752425,0.4822573693802141,0.040302046581441354,0.20075369630829057,0.04578655086708218,0.35191869940953224,0.4197033879782283,False,True
04124000,0.37642035187424083,-0.262941983811084,0.4419026237322585,0.17894913084221561,0.4230237946525179,0.3223491136721562,0.2415725340998396,0.6386405773312206,False,True
04185000,0.015637017918832846,-0.2566602459481022,0.44313272314497876,0.000307273950634465,0.017529231318984442,0.01062785610867286,-0.3650961617179558,0.3490558107247908,False,True
05057000,0.0003493082836865919,-530.5009700781295,0.0018779308511931503,6.485176961849839e-05,0.008053059643296974,0.0046962194740849915,-232.87991608496117,0.06850254643152595,True,True
05458000,0.012275827700945943,-0.7016850908350238,0.37013936353734134,0.00025643704412067726,0.016013651804653344,0.0071678637799561275,-2.349212907114398,0.1751883402729816,False,True
06339500,0.013980897179471399,-0.059163234764526784,0.48563415620343175,0.00020702985637615644,0.014388532113324014,0.0044159086754631495,-5.5929605687719555,0.1519882748180883,False,True
06353000,0.08839619246441767,-0.007171104046436838,0.4982136291141348,0.007869921037758918,0.08871257542061846,0.01361944615464208,-1.2278271200124578,0.15968521960773344,False,True
06453600,0.22989719251149696,-0.019577877986219683,0.4951529777089504,0.05388746321093099,0.23213673386806102,0.07422411312566336,-0.38958045596358404,0.3701015945339449,False,True
06468170,0.04132351911663326,-0.03669258080280868,0.4909921160540719,0.0017702907025361817,0.04207482266791129,0.011986462941603453,-0.5327503874807993,0.0870201290117887,False,True
06468250,1.7291396828326289,-0.08221001261709815,0.48025895271875824,3.2357257360248814,1.7988123126176565,0.5039800593524139,-0.640816296733711,0.1176830972868891,False,True
06784000,8.639551217763,-0.05461291253580791,0.48670968331732994,78.71825381019111,8.872330799186374,3.1189480523443143,-0.3809534854984049,0.4694297117609625,False,True
06876700,0.014093527902503487,-0.08650801358569948,0.4792696665858872,0.0002158104016932609,0.014690486775231817,0.005534219849446641,-16.31395032866783,0.2138284893441444,False,True
06892000,0.03482073609682557,-0.0842064122252888,0.4797989268885844,0.001314582561410919,0.036257172551247274,0.009167111199665758,-0.6268491786496424,0.11409128539292769,False,True
07056000,0.004957741826320286,-1.519392545341144,0.2841399437876764,6.192466336945218e-05,0.007869222539072853,0.005934848276414707,-0.20375273792772197,0.20741688782522588,True,True
07071500,0.15711825423842124,-0.016128535298222335,0.49600012226010265,0.02508429718908232,0.15838022979236493,0.05413538336672291,-0.32995757061788344,0.43775995332524753,False,True
07148400,0.018950031996233945,-0.06953822235941076,0.4831995800782717,0.00038407514647921244,0.01959783524982319,0.004993841871096459,-22.513434550440426,0.07239763548760259,False,True
07376000,0.3528851838236706,-0.01808777203619094,0.49551858638488727,0.12678038618758078,0.3560623346937735,0.13894858194385495,-0.3436442519808467,0.4531035872161567,False,True
09430500,0.013241127136163225,-0.41773667777004886,0.41360997216716344,0.00024856815341696626,0.015766044317360214,0.00990541394183492,-4.8183671289436605,0.3236409790655888,False,True
09447800,0.0007907706655079134,-164.00496144377385,0.006023916341432371,0.00010318061297690713,0.010157785830431115,0.009033325775110197,-651.6263209254192,0.29894439279634805,True,True
11473900,0.36353818904601315,-0.47683825565795357,0.40374053401172033,0.19517896586504652,0.44179063578243316,0.12968788770553435,0.3637717811273592,0.571243676101431,False,True
13161500,0.0058099740395821204,-4.748308251517232,0.14818528773862227,0.0001940387341379272,0.01392977868230243,0.012214335906403058,-8.328346098846508,0.14670350608701208,True,True
14316700,0.1943305837504659,-0.020918328772300043,0.4948245487028148,0.03855434340926024,0.196352599700794,0.09367950483166304,0.38846112247081577,0.6879296262849521,False,True
