basin,std_obs,NSE,NNSE,MSE,RMSE,MAE,KGE,Pearson-r,low_var_flag,neg_basin_flag
01013500,0.10355858020024573,-0.032235921464739636,0.4920688535410039,0.011070089789477499,0.10521449419864878,0.06902916774318626,0.05928425606633858,0.3248428934386699,False,True
01047000,0.9163490396314202,-0.2772023086153028,0.4391353355899544,1.0724611108739972,1.035596982843228,0.7322232837707023,-0.6786253514840057,0.5789305084991672,False,True
01144000,0.10616086194994483,-0.051994853352986814,0.48733065697800687,0.01185611729429917,0.10888579932341577,0.06346067839175344,-0.588187303043394,0.3528808398070763,False,True
01423000,0.09776412999866335,-0.4018916470991347,0.4163385143571076,0.01339903519230545,0.11575420161836654,0.06747417879898411,-0.5042637660814446,0.5927551821653351,False,True
01439500,0.026994550814812196,-0.16943046352953361,0.4609504737815195,0.0008521707307070113,0.029191963460976914,0.014999774048573077,0.4602979125118326,0.4832875469206536,False,True
01440400,0.004913631052003247,-13.957482699431239,0.06266652571935061,0.0003611300237973065,0.01900342137082969,0.01640627513637991,-1.1280572436834957,0.13118606116534529,True,True
01491000,0.025222942780269375,-0.866254771545486,0.3488873389509613,0.0011873053929517187,0.03445729810869852,0.015734740094822276,0.008396916501076657,0.24576473024567247,False,True
01550000,0.03161488308293548,-0.09037913300182376,0.4783821194024173,0.0010898348510098648,0.03301264683435524,0.011512111604470028,0.038153100798860695,0.2782947641645242,False,True
01606500,0.047245958595949905,-0.4308012717941412,0.4113869823928114,0.0031938068465769383,0.05651377572395016,0.03654043766335768,0.2643882273100623,0.2889992989510296,False,True
01632000,0.09270455819382264,-1.0105225572814147,0.3321682468650983,0.017278702498801965,0.13144847849557623,0.08437463981992813,-5.316856794223559,0.20003232745743044,False,True
01638480,0.035818531028704755,-0.01627699537406957,0.495963601377337,0.0013038500156649568,0.03610886339480872,0.017895009696723856,-0.4963793189823944,0.4622721270966199,False,True
01639500,0.003158695759501513,-14.848037777412442,0.05935409293423261,0.0001581215607833216,0.012574639588605377,0.012300958023108943,-15.88000974598329,0.6749423145022774,True,True
01644000,0.04431331819183374,-0.11511153071621782,0.4727883071307264,0.002189711248165717,0.04679435060096162,0.020939846766670774,0.2667174134727093,0.4709272928550907,False,True
01667500,0.010727777950140639,-4.876333410401117,0.14542633992810813,0.000676279121845728,0.02600536717383025,0.014800569522643343,-0.7213171202649329,0.3607035900591092,False,True
02018000,0.009081858483330133,-0.9238870998367112,0.34201046957519204,0.00015868250333281756,0.012596924360049859,0.008806864616691926,-3.4013048017772967,0.4613607251893834,True,True
02027500,0.007379417200983796,-7.295386646352725,0.10758024792786589,0.00045173190142189473,0.021253985542055275,0.012152890065296075,-1.1245322407241023,0.42785246569539453,True,True
02046000,0.007869146876476702,-2.5770966494761796,0.21847910948405336,0.00022150624623105156,0.014883085910894002,0.008086467119244855,-0.46862785968392795,0.39427936534472513,True,True
02051500,0.003507168582574639,-12.28730852805057,0.06999218908422669,0.00016343697046313158,0.012784246965039887,0.011844360253832092,-103.54704674215982,0.1048861309031058,True,True
02137727,0.015874333914759512,-1.149940017103944,0.31746636271486856,0.000541773010701626,0.02327601793051436,0.020796029846038972,-0.20595885740079622,0.7558338083248675,False,True
02177000,0.2048109986987588,-0.030562310945160265,0.49247442179429246,0.04322955910740427,0.20791719290959146,0.1719103027508925,0.33151871238333885,0.7581548361275015,False,True
02215100,0.012230520506643082,-1.8277634825183804,0.2612491614403707,0.00042299278729280833,0.020566788453543455,0.014325959811725296,-0.5244498785358995,0.392805780098446,False,True
02312200,15.503076242167422,-0.38587963813042836,0.41913262681750296,333.08975851861834,18.250746793449807,10.990113977967123,-0.3043276706881548,0.53595632126641,False,True
02314500,0.11037641817325286,-0.06049872370939502,0.4853193979172958,0.012920006837937238,0.11366620798609074,0.050834052115173924,-0.2056800855628489,0.31028183659808306,False,True
02350900,0.0034229227012889515,-42.70645655806998,0.022368133754932757,0.0005120823197060699,0.022629235950558955,0.019019581854055948,-3.2273653484477753,0.20595245657534197,True,True
02361000,0.020386110601806638,-0.24966426065478564,0.4445107732248636,0.0005193523507449647,0.02278930342825258,0.012469643316745509,-5.621130104132134,0.2800637752607052,False,True
02472500,0.2703722944119284,-0.11782924673192463,0.4721815989382171,0.0817146342756949,0.2858577168377564,0.143589007953775,-0.31428432168842946,0.6890029875419448,False,True
03050000,0.002994581226053965,-11.764766466603506,0.07264925288970434,0.00011446825670894848,0.010698983910117282,0.010009760669132407,-76.7794018337389,0.29773589064325146,True,True
03070500,0.19844224565088572,-0.0381739698735275,0.49063525232934446,0.04088259001977252,0.20219443617412552,0.0902836122776791,-0.21165386762288674,0.6926655360996467,False,True
03170000,0.006969486363157027,-6.828675130891676,0.11326727795215662,0.0003802680316537726,0.01950046234461564,0.016569184113642433,-0.908712517386234,0.054254701555078805,True,True
03182500,0.007721964733142669,-30.24701683806065,0.031010620455896427,0.001863220222186158,0.043165034717768475,0.023685067171425985,-3.5797241355132288,0.1883311800433982,True,True
03281500,0.046155811407533484,-0.12235187897953792,0.4711754021113674,0.0023910123442688817,0.04889797893848867,0.010060184802942547,-0.8056919420339836,0.06521625797173826,False,True
03471500,0.07910218959879711,-0.3180418075650513,0.43139860408748776,0.008247193730782294,0.0908140613054074,0.054212395496231074,-0.30059936359269956,0.42663049514023305,False,True
03473000,0.003954152466219242,-7.836600128210243,0.10166114175284147,0.00013816308596953185,0.011754279474707578,0.010273629988055083,-3.6209623570970315,0.20232333562920984,True,True
03498500,0.016924372264022013,-3.1435971012702417,0.1944164716464756,0.0011868686522988193,0.03445096010706841,0.032106828891131166,-0.20142673111021092,0.5901290673403041,False,True
03604000,44.607710601719376,-0.006239457932785353,0.4984449867367242,2002.2634170490594,44.746658166270464,14.929628757332253,-0.20182238803951003,0.3627758444856949,False,True
04024430,1.228347670056946,-0.005866544105318727,0.4985376534339837,1.5176896632005106,1.2319454789886242,0.3696982963212454,-0.28131004760310097,0.4042148285088432,False,True
04027000,0.3735088755224972,-0.08284473729287711,0.48011259893511016,0.1510664566154979,0.3886726857080362,0.17882175548140475,-0.2746836054670956,0.5754273263120299,False,True
04056500,0.014369419955912234,-1.7470386162567326,0.2668774203877817,0.0005672091649447229,0.02381615344560752,0.019688464745836454,-0.1875276097765335,0.22824885624170513,False,True
04057510,0.12321590256047324,-0.2809474265443508,0.4384143134394843,0.01944754704415348,0.1394544622597408,0.08447086250087635,-0.19162863262173135,0.34144847393735417,False,True
04122200,3.620221836825758,-0.20213822065382803,0.45410410237695886,15.755230910430564,3.9692859446543487,2.9405825553738127,0.21947111847176382,0.5358538194333359,False,True
04122500,0.0394074757901807,-1.8653402334179758,0.2587094381380594,0.004449727674656906,0.06670627912465892,0.05003385791923498,-0.11787061319902592,0.11680689984107932,False,True
04124000,9.034054008537325,-0.5686951062306118,0.3893027232287732,128.0276891996779,11.314932134117194,8.789389096392702,0.10856930693686062,0.4914795561520564,False,True
04127997,0.016205728121550494,-1.1306731128466465,0.3194201259456066,0.0005595693556940137,0.023655218360734143,0.018576285548669334,-0.5394205971872668,0.3490520247961908,False,True
04185000,0.004113600955135873,-6.101691252887067,0.1234310181400268,0.00012017277990413055,0.0109623346009931,0.009625197072451023,-26.184737226587742,0.21033630872628506,True,True
04256000,0.2614300470718298,-0.1308845506513181,0.46928868093503406,0.07729106175501803,0.27801270070811157,0.17105756843857942,0.0007202980262719372,0.35895870965796556,False,True
05057000,1.6784198835674193,-0.032290280313672426,0.4920556918894754,2.908058038060593,1.7053029168041063,0.5099938187688969,-0.4364886542787456,0.5190280045878021,False,True
05087500,0.013279219968885028,-0.7626728544608681,0.3619683012359958,0.0003108256470109591,0.01763024807003461,0.011354672838034433,-1.2607645839902095,0.23027897307709358,False,True
05120500,0.05284507687272717,-0.2749552025410287,0.43956909519934384,0.0035604426393674427,0.05966944477173759,0.02544337982330777,-0.8984685055440478,0.11759120534325286,False,True
05123400,3.1822445227778338,-0.017132501947234813,0.49575325321199865,10.300175571042153,3.209388660016445,0.903936206101245,-0.284276402683711,0.4105852137029798,False,True
05393500,0.037825822733121885,-1.1987698823122201,0.3126201748770854,0.0031459842603513088,0.056089074340296516,0.042279079688442175,-0.648504231714436,0.1661352196710918,False,True
05412500,0.012687067177095042,-1.548676833948094,0.2817951723396143,0.00041023928854600454,0.020254364678903274,0.016565385985520473,-1.194657781642777,0.33487630114396694,False,True
05489000,0.022185930800063088,-0.0867987437472082,0.4792028953421387,0.0005349392147284382,0.02312875298688708,0.011172494747410661,-6.349373717759681,0.3652761902913777,False,True
05525500,0.08820446397488393,-0.04521688152481795,0.4889457001031826,0.008131816045245698,0.09017658257688466,0.04713281223198578,-0.27632969382992956,0.5996674203146164,False,True
05585000,48.750397086108826,-0.017397451575694722,0.49568814475251105,2417.9480206243124,49.17263487575495,19.31133424091365,-0.21376144211359227,0.4505193214623741,False,True
06037500,5.53455133901577,-0.610940831940985,0.3830037003391592,49.34514509037616,7.024609960017435,4.494377732234198,-0.38928964895179363,0.5925406540032134,False,True
06188000,6.803845419756141,-0.34001058479146007,0.4273484942757724,62.03218873902904,7.876051595757168,4.143746109946821,-0.41432999878130383,0.5951697384609355,False,True
06191500,77.75371159312178,-6.217943700569014,0.12168494168812077,43637.08674676974,208.89491795342877,193.9925262428022,-0.4550878576762776,0.6313702437348495,False,True
06221400,0.014256133541217065,-0.8138437669612719,0.35538575799463124,0.00036864078880289073,0.019200020541730957,0.01453460340636424,-0.3631156242049076,0.06197999661775087,False,True
06224000,2.6346089710856386,-0.07155519267235233,0.4827291126672699,7.4378407887216165,2.7272405080450124,1.1109261374554464,-0.29127424607084906,0.47280513942340685,False,True
06280300,15.47287563819867,-0.3314468545249145,0.42891820504472655,318.76153235409794,17.85389403895122,9.69363780734977,-0.37304023001378095,0.6218731228613986,False,True
06289000,0.14216484975505023,-0.2273747032505562,0.4489590361875949,0.0248062792778427,0.15750009294550496,0.07907156383887667,-0.46597735601811907,0.4652201259213156,False,True
06339500,0.01437131212477202,-0.72830848760677,0.3665274673089422,0.000356955523228435,0.01889326661084406,0.013279921640509704,-9.857884288034013,0.28614379840051335,False,True
06344600,0.0250659856416181,-0.3091736787910193,0.4330553432098514,0.0008225585827831444,0.028680282125236222,0.015070270308105779,-5.853295124225913,0.17110892314494117,False,True
06353000,6.728745120295585,-0.19514095634902184,0.455551611438752,54.111214959406354,7.356032555624421,3.0357317977354557,-0.47893525207867227,0.4284472152352326,False,True
06406000,0.11572111055518822,-0.006251579690851106,0.4984419751355873,0.01347509267878513,0.11608226685754,0.026935737397704947,-1.0066052584214247,0.3424455214388005,False,True
06431500,0.7823964115884845,-0.28135365360491793,0.43833624761326845,0.7843731365575956,0.885648427175025,0.5852328354165993,-0.05354919162701455,0.2812144640756879,False,True
06447500,2.351027758936928,-0.11083472754566936,0.4737462326871653,6.139951806730652,2.4778926140433635,1.02229207069807,-0.3140320182537648,0.6266720900964774,False,True
06450500,0.009295271017210043,-1.843578442554112,0.2601742139378547,0.0002456910445448299,0.015674534906810787,0.012812752715742495,-34.0943508404352,0.19025235007476193,True,True
06464500,1.9256848050270738,-0.14027355063809743,0.4672299948302691,4.228433041303527,2.0563154041400185,0.8273153636407458,-0.3898566255720082,0.5627561961677466,False,True
06468170,4.5102592757799,-0.11134884871415185,0.4736308737464287,22.60754586791217,4.754739305988518,1.5359754086847583,-0.5344213221388976,0.2508489004739827,False,True
06468250,3.0246730079894246,-0.07774992334201491,0.48128987457331823,9.859953393051914,3.1400562722747365,1.1433162079259447,-0.34406053929565195,0.45887702849564327,False,True
06470800,1.3101555921981682,-0.0956079547587323,0.4771884921171385,1.8806194639759892,1.371356796744009,0.46764859835019423,-0.43418736138430547,0.4477493761457817,False,True
06477500,0.22983278186251804,-0.00486237433480774,0.49878735458427137,0.05307995334143358,0.23039087078578782,0.040933738137622785,-0.7335278402019623,0.18200854647773315,False,True
06479215,0.004009234191737546,-11.219758632666831,0.07564434629910254,0.0001964198968587224,0.014014988293206755,0.013255343590672512,-6.297718302989124,0.09502840225428345,True,True
06479438,0.06842254603068525,-0.07354413008341698,0.4822660803268126,0.00502595229988814,0.07089395108109112,0.022754999225707236,-0.9530303234619615,0.1660244523700433,False,True
06803510,0.022681243381454913,-0.2263282246390097,0.44917006797690223,0.0006308708219189581,0.025117141993446588,0.012956982373158262,-8.951476203793195,0.28658180098852093,False,True
06803530,0.0439899506646664,-0.011877977823737007,0.4970480372182946,0.001958101021557249,0.04425043526969253,0.015012734181982856,-3.099873161887972,0.44647550345888326,False,True
06847900,0.0006585957047581847,-442.56152619592535,0.0022494074297362476,0.0001923940589645812,0.013870618550179412,0.013625280731759426,-1803.7735061685755,0.19687500993097226,True,True
06853800,0.0010793832866711612,-166.58834431339454,0.005931608167057305,0.00019525186398100807,0.01397325531080743,0.013520858098371967,-371.11005767955544,0.259835258397925,True,True
07060710,0.005326617297994051,-33.81843934296747,0.02791858099748107,0.0009878984207533025,0.03143085141629642,0.014282103807705181,-4.025272932229712,0.12139420667847803,True,True
07066000,0.00951997865314685,-2.1672408086056514,0.23996693398061572,0.0002870470140754077,0.01694246186583897,0.015149824548457357,-1.9014792251898367,0.5579656632393291,True,True
07068000,102.44249050730461,-0.44058398567527,0.4097379995400225,15118.156576893103,122.95591314326084,71.67863795671157,-0.39852051700803925,0.47276947571100875,False,True
07071500,0.05776704862860454,-0.07032711507099698,0.48301545814691577,0.003571715734196994,0.059763832994520975,0.024309511085040626,-0.9054916830981807,0.4378800329117348,False,True
07142300,0.0011144852843092954,-939.0323515873588,0.0010626627217578365,0.0011675929851825487,0.034170059777275025,0.016822258195219375,-808.5928393238548,0.04983945695499072,True,True
07149000,0.038412450294801365,-0.12978683245546163,0.46953055806391936,0.0016670189293505385,0.04082914313759889,0.015292284780819777,-16.008718010389575,0.17446295874093704,False,True
07151500,0.0029824609549760836,-20.116043329581853,0.04521604452919595,0.0001878287542352656,0.013705063087606186,0.012842140049920512,-57.29502897678111,0.6432985430103044,True,True
07226500,0.08645201535834675,-0.07819734911580523,0.48118625520596614,0.008058394111975802,0.08976855859361785,0.024155186331455428,-12.301658691996725,0.004233551504963906,False,True
08014500,1.7384620735337948,-0.035344986438925696,0.49131720011240804,3.129071779850984,1.7689182513194281,0.8290699575516479,-0.18040580825719332,0.422346966518618,False,True
08079600,0.035783660675607,-0.09709650437227757,0.47684977678188883,0.0014047995683570474,0.03748065592218268,0.01194899114650272,-8.402535617813232,0.12674557544457868,False,True
08176900,0.1800836415849717,-0.015164999135694357,0.4962372810310325,0.03292192067743705,0.1814439877136662,0.03929813746577391,-0.7691773291621902,0.29988361694969307,False,True
08189500,0.0026116920965102318,-30.35273797095296,0.030909285047151906,0.0002138550068021991,0.014623782233136512,0.010904981400496987,-663.5797884861058,0.05813863548515995,True,True
08195000,0.028155290772798044,-0.05258107771231613,0.4871914736320867,0.0008344024913785159,0.028886025884128055,0.013442706160308172,-4.62956059753846,0.4387059185249908,False,True
08324000,0.012475989224341934,-0.6392556475489217,0.3788947087898441,0.00025515064499884925,0.01597343560411627,0.00974640544710234,-1.0425543925576735,0.08562934298785382,False,True
09210500,0.007372699947688351,-5.27330805498965,0.13748902046215103,0.0003409963522995006,0.018466086545326832,0.016804113073416727,-3.461438117339081,0.05995954074860706,True,True
09223000,0.027487647729765915,-0.3588151040342371,0.4239416638844303,0.0010266809849269955,0.032041863006495044,0.022089234123417633,-0.9102904079644314,0.5699725508398963,False,True
09430500,0.004059572069940112,-6.680435216152274,0.11520159705117461,0.0001265745354199323,0.011250534894836437,0.010229960907549423,-146.11243164648317,0.02936788300941263,True,True
09447800,0.055468339497931875,-0.06915248443923194,0.483289659665181,0.003289500672505549,0.057354168745659184,0.01505686619224603,-15.528189837554738,0.07950565365968562,False,True
09497800,0.4987745375832049,-5.523497927318857,0.1329168971215985,1.622889977009825,1.2739269904550359,1.056762370461749,-5.829553999567093,0.1963079842858913,False,True
09497980,0.043540859604596596,-0.02823814917234091,0.4930387491272008,0.0019493405205883952,0.0441513365662739,0.013877286143932984,-2.998902282276026,0.3262501982619456,False,True
09505800,0.008412299649485325,-2.307221735932047,0.23216821916961475,0.00023404145083287813,0.015298413343640514,0.012672722475554192,-61.465714713375945,0.12185802354561304,True,True
10234500,0.05192029439206786,-0.04456309885566845,0.48910204853041456,0.0028158464715692666,0.05306455004585704,0.02105626699196054,-0.3800919125525215,0.19931108162244884,False,True
10258500,0.062140652115192554,-1.653772412785011,0.27368973406796593,0.010247437733555822,0.10122962873366582,0.08398682595848851,-13.717525553831171,0.5939255091996308,False,True
10396000,1.6284324081448414,-0.35126819944666776,0.4253023964834524,3.5832823469440624,1.892955981248392,1.451272103203432,-0.11230253052067796,0.7291785455693516,False,True
11148900,0.02713954556126031,-1.99001343151359,0.25062572273614014,0.002202309143530051,0.04692876669517377,0.027703262350973687,-2.466917185014619,0.4566270188764254,False,True
11151300,0.012418506769672724,-6.675079813120626,0.11527271466569679,0.0011836455159554486,0.03440414969092317,0.016363643152542545,-62.867039101341504,0.3832980388832075,False,True
11253310,0.013621657755479192,-2.023398970336304,0.24854606947329735,0.0005609903486727467,0.023685234824099732,0.015014491907333302,-14.606585436718529,0.3461012176319058,False,True
11264500,0.016231697330913536,-3.130643362191763,0.19490733021302992,0.0010882923380898613,0.032989276107393765,0.018436156910379822,-5.967789090245386,-0.03661196182282596,False,True
11266500,3.6878267451778775,-0.09639084829032041,0.4770102869011925,14.910988010868774,3.861474849182469,2.045878011500281,-0.06876387002157314,0.10844423158318217,False,True
11274500,0.004484247175661149,-21.598535343138163,0.042375511253530986,0.0004544220317402362,0.021317176917693303,0.016811967571793915,-15.438781742171066,0.1514097348386977,True,True
12092000,0.11277209341645536,-0.41792369347400316,0.4135779812650865,0.018032508454222915,0.13428517585430982,0.05241228783773683,0.10536293630314653,0.28816917114128465,False,True
12117000,0.22030455046961717,-0.04822349654293645,0.4882279700861918,0.05087457871802345,0.22555393749173044,0.11648933246125819,-0.15280135936787453,0.4337657968880981,False,True
12144000,0.1295595588224873,-0.008048644088137102,0.4979959041052534,0.016920781240598214,0.13007990329254637,0.07095735224747558,-0.13853540463045255,0.6681503089887427,False,True
12167000,43.62107170511154,-0.07696675740864056,0.48147135549134423,2049.2500808156537,45.26864346118242,20.444018734815092,-0.17386582645295,0.582040340293152,False,True
12175500,0.2504209837523864,-2.2700782701074855,0.2341877447541092,0.20506879633929864,0.4528452233813432,0.33980066236909523,-0.4116295929737164,0.22114857165416615,False,True
12186000,28.15196894119155,-0.18289364267019992,0.458107523175871,937.4826675480142,30.618338745725808,17.082274972852673,-0.14595187989357328,0.4236207038889352,False,True
12358500,0.021273349628755666,-0.5134779396511826,0.3978550932254368,0.0006849326210706057,0.026171217416669897,0.0174380179671046,-0.45503824382327496,0.29173148841742347,False,True
12411000,0.06643058515009626,-0.22963505466820688,0.4485038921083928,0.005426407339349753,0.07366415233578509,0.03537902012657372,-0.6047920361790557,0.23390334898527615,False,True
13011900,0.06169632283295368,-0.19856643417950037,0.4548418389609398,0.0045622667244221505,0.06754455362516026,0.05038893048565575,0.06006019606429702,0.42104843110374174,False,True
13083000,0.008535199001118286,-1.6155832448634988,0.27658054932649007,0.0001905442506682586,0.013803776681338285,0.010622463658246206,-1.739009019679258,0.18880813701452615,True,True
13338500,0.10384643536907774,-0.726637482659823,0.36675209167318584,0.018620200437044966,0.1364558552684529,0.06204277931593273,0.25150336348439706,0.29754123369685265,False,True
13340600,97.28253465230931,-0.6630441860375147,0.37551010427955134,15738.869816819211,125.45465243194137,80.5460551330693,-0.4455955875793314,0.5589846936968813,False,True
394220106431500,0.10648842527642494,-0.014690402085174137,0.49635417876861637,0.011506370714917304,0.10726775244647062,0.03875227765623623,-0.2711367385137524,0.28174918035192037,False,True
