basin,std_obs,NSE,NNSE,MSE,RMSE,MAE,KGE,Pearson-r,low_var_flag,neg_basin_flag
01052500,3.504661679757918,-0.13053168278967875,0.4693664065537944,13.885928918678845,3.7263828196629025,2.2631463428586915,0.17796757582067135,0.3358636891020013,False,True
01078000,0.004984973625852713,-41.3293977154903,0.0230790191584523,0.0010518839268482182,0.032432760086804485,0.02901890116617771,-5.611341496661742,0.07371670392732002,True,True
01134500,3.8260074463433997,-0.1252501961979695,0.4705328350464243,16.471787057165614,4.058544943346767,3.125632276059999,0.11409158783578577,0.7721891911379642,False,True
01170100,0.0073746416531355165,-2.512654532112896,0.2215990594635181,0.00019103690931789212,0.013821610228837019,0.009949169140436776,0.08079372289559583,0.40236607503927074,True,True
01411300,0.18439511503638875,-0.07484554329170745,0.4819635867513863,0.036546423564184374,0.191171189158263,0.1228732554621146,0.48002670395584357,0.5372798570875581,False,True
01440400,0.01145941999381803,-1.474895560620435,0.2877784332089256,0.0003249990940194569,0.018027731249923185,0.012167935643158403,0.15399817013184303,0.26657008734465903,False,True
01466500,0.12680552141604728,-0.1408145342313203,0.467111925862863,0.018343887315639396,0.13543960763247728,0.09477409007979369,0.07954142396248709,0.6956833479840725,False,True
01484100,0.04503032874455597,-0.9588495872384546,0.33796919056413316,0.0039720190663598085,0.06302395628933341,0.04485757636905866,0.24153133805350646,0.3474873885418621,False,True
01487000,2.7631728363366097,-0.728172535630863,0.3665457323316833,13.194811816310935,3.6324663544637183,1.5031005565056679,0.04757690398954861,0.7731909117693319,False,True
01605500,0.31618322134689775,-0.026333695471040697,0.4935021325633833,0.10260445717401806,0.32031930502861994,0.1842591141618958,0.22785936952843988,0.3638166322230511,False,True
01606500,14.067734759082748,-0.13474998555133189,0.46843893044540047,224.56833987119091,14.985604421283478,9.868250175471088,0.32567338434392556,0.34637520283417744,False,True
01620500,0.35836170076010965,-0.07288759563723524,0.48241882584693924,0.1377835601797276,0.37119207989897574,0.2845004866842104,0.2003689022800199,0.43176119604303237,False,True
02014000,0.004141553396481093,-25.516948797332056,0.036341238535028145,0.00045483102384662237,0.021326767777762816,0.0187279183261246,-8.701414365726922,0.18696617841006483,True,True
02028500,0.011954534419572836,-0.8381003914761005,0.3523483534984816,0.0002626845687164436,0.016207546659394306,0.010429503451979405,0.2771084340166722,0.3566185243333587,False,True
02108000,0.021899176343657303,-0.003558519260058901,0.49911195025604416,0.00048128049757766386,0.021938106061774428,0.009087822339110365,0.2718287849466432,0.3418645751831415,False,True
02137727,0.01322786137965635,-2.606511782849202,0.21708399916031126,0.0006310541478238239,0.025120791146455237,0.012750068066928898,-0.21649755988611763,0.4338575768112749,False,True
02140991,0.01489550578448907,-0.5334073042723628,0.39472531649908416,0.000340226420999062,0.018445227594124775,0.0070049207955851,0.18870918079433308,0.32155562610044924,False,True
02177000,0.05351513734874234,-0.15355133288344236,0.46434927495369965,0.00330362096971314,0.05747713432064215,0.04266815576076135,0.2770356306945059,0.40478761613320224,False,True
02231000,0.04999375602488386,-0.09530292808863816,0.47725795950288324,0.002737573458501655,0.05232182583302742,0.028050724475185564,-0.04323575357727494,0.2975486722672471,False,True
02235200,1.6556586296645495,-0.07090227700388052,0.4828813078745416,2.935563209525223,1.7133485370832238,1.037473022397962,-0.21824237540639113,0.088094746251284,False,True
02361000,1.4237367822225555,-0.14753332426307653,0.46565051573444094,2.32608037191067,1.5251492949579297,0.8932834235654699,0.4036287291544366,0.4683469489648289,False,True
02369800,0.06087923958275849,-0.003437484712765837,0.499142103325161,0.003719022099245461,0.06098378554374483,0.02615690787634566,-0.09759126490727854,0.3872784368866766,False,True
02374500,0.006482397681806576,-3.9030960785907434,0.16940262985499835,0.00020603535235861348,0.01435393159934286,0.00893615608355761,-0.3774677260026138,0.28854606441217173,True,True
03066000,0.056408066289040666,-0.07918298400870727,0.4809581492784149,0.0034338198992411,0.05859880458884038,0.02272533581873087,-0.6733314292823303,0.3106908905109646,False,True
03159540,0.012383746324237641,-6.441305781404256,0.11846508418199306,0.001141177618236378,0.03378132055199112,0.017274098994690384,-1.1779876404045186,0.5872209584132491,False,True
03173000,0.027298534140496388,-0.11031126264008773,0.47386374593336444,0.0008274150185255352,0.0287648225881116,0.014014577124620248,-0.6621226064634063,0.39229377497719686,False,True
03241500,0.030496990297004353,-0.6014811630458423,0.38439640240530865,0.0014894838474882237,0.038593831728505834,0.023180517684770245,-31.083319227275403,0.30499016478459884,False,True
04057800,0.1538200389553778,-0.022260561086280495,0.49449611946288385,0.0241873027134675,0.15552267588190316,0.07391828397987471,-0.039168380689548865,0.5765539396762478,False,True
04063700,0.006272409328713661,-0.8795440689025125,0.34727719947037744,7.394712556810911e-05,0.008599251453941158,0.0063648177740441535,-0.12342094424253713,0.1685806533783521,True,True
04122200,0.40444480950038336,-0.1486923004101155,0.4653993500182099,0.18789803677139488,0.43347207150103095,0.32094589980250693,0.17457201044261939,0.5111372524327175,False,True
04124000,10.802079173300712,-0.2521490691152273,0.44402034204283686,146.10690702871358,12.087469008386892,9.620587676281975,0.36483692350123287,0.5728358609727738,False,True
04127997,3.046290329403169,-0.23229388307551302,0.4479696905419386,11.435545238967723,3.3816483020810613,2.5573294351684694,0.4231545316223505,0.4990903677936203,False,True
05056000,9.611675234572544,-0.11355110962669102,0.47313736367445897,102.87464068451253,10.142713674580019,4.654073413866306,-0.2976853163697726,0.287370717868387,False,True
05057000,18.92141221357965,-0.14206123663688297,0.46684006175754234,408.88058138933036,20.220795765481892,8.775134491130558,-0.37148920546032094,0.44736475730209285,False,True
05087500,0.2578512896547803,-0.0069727637805849785,0.4982628653695703,0.06695088772731712,0.25874869608814866,0.10681599404869485,-0.19726368293839447,0.32938418549821075,False,True
05120500,0.01861143057456143,-0.07547167535906851,0.48181818710052704,0.0003725276305675079,0.01930097486054805,0.007629234536973517,-1.3391375927177775,0.11721994811443469,False,True
05131500,0.015109445779620324,-0.43350341691364624,0.41093018117405233,0.00032726216682390797,0.018090388796924955,0.008112200977344329,-0.25917924486241994,0.023293682469835205,False,True
05489000,0.05362235329500716,-0.00461347673274437,0.4988492852147578,0.0028886221644646537,0.053745903699395116,0.013790783598331663,-5.1206323063478525,0.19597791013270777,False,True
06280300,0.0037125440810362093,-6.139363111745862,0.12285973561701732,9.840172435263582e-05,0.009919764329490688,0.007747900139088138,-1.9343769337883074,0.031204059517098117,True,True
06289000,0.13270972416888255,-0.6639034971358315,0.37538897376544506,0.029304453563280052,0.1711854361891807,0.10920661273651691,-0.5507564918039611,0.1058050369375424,False,True
06339500,0.009292393223263444,-0.9624130288358019,0.337562652562661,0.0001694515623525964,0.013017356196731977,0.007532471328282499,-6.940348063493153,0.12476889509786411,True,True
06350000,0.04398598862252987,-0.01669357837073826,0.49586115150318855,0.0019670653829018847,0.044351610826461364,0.005204254438093534,-6.809083313920692,0.05247329636094162,False,True
06352000,0.16581338544366367,-0.12558504692868944,0.47045871038889964,0.030946923967679677,0.17591737824240014,0.06367779272683123,-0.5646802330854626,0.08976611221259549,False,True
06353000,7.555658528847733,-0.15933718152309884,0.463105071573234,66.18421296810527,8.135368029051007,3.4328523643444937,-0.46534282805777627,0.29425447161945956,False,True
06408700,0.15957902081390676,-0.027138420708284983,0.49330622407649827,0.026156556356338883,0.1617298870225874,0.07363734999924851,-0.2193838500015588,0.46525297643791935,False,True
06468170,6.782060910985787,-0.12131968107435287,0.4714046680100309,51.57661273720859,7.181685925826093,2.389883483884575,-0.6642791499334877,0.010122393834281493,False,True
06468250,8.052503534761238,-0.140301346213751,0.46722392702739085,73.9403471584101,8.598857317016611,3.1918292940400805,-0.5477003500065467,0.14642993645746852,False,True
06470800,0.07468903315640261,-0.01074460995055393,0.4973282012301855,0.005638389961201616,0.07508921334786786,0.02354202617386029,-0.4227301102355534,0.2513502213545948,False,True
06479215,0.9146708285713719,-0.1579661003710704,0.4633993091124305,0.9687807539325523,0.9842666071408459,0.5036958100462071,-0.2782978678985708,0.2644453448942637,False,True
06847900,0.017131668173072913,-3.7552777085366866,0.1737535616251359,0.0013956457344396602,0.037358342233558224,0.012006453344496956,-37.513278796438556,0.24518017480723245,False,True
07142300,0.37703549228911554,-0.04846907014681645,0.4881694405707228,0.14904592006745032,0.3860646578844667,0.15702666047232258,-0.2851346944277584,0.28007835461621367,False,True
07180500,0.013615273174857875,-0.41967659993705597,0.41327836952509,0.00026317349184764135,0.01622262284119437,0.009097959081579454,-6.527064869244395,0.385026625812421,False,True
07184000,0.00034239513203574974,-3033.5886986448736,0.0003294253929876643,0.00035575826557233476,0.01886155522676576,0.010780434178784081,-1563.3029460442515,0.2288349661278807,True,True
07208500,0.2274045886948886,-1.6570403883707807,0.27344516160662424,0.13740312296900598,0.3706792723757372,0.16624882350854647,-1.4383962280550056,0.020238746893782838,False,True
07292500,0.003339854037426359,-11.702331055154932,0.07298028313392645,0.00014168973943576437,0.011903349924948202,0.0056346792136439125,-1.7405344421786868,0.19256082729775273,True,True
08079600,0.5870657098041253,-0.025995592858783834,0.49358448928753523,0.3536054285619027,0.5946473144325993,0.163633138636515,-1.1513179203565485,0.25061361506295887,False,True
08164000,0.030998733347810125,-3.250922753302964,0.19044271778155078,0.004084802937426265,0.06391246308370743,0.021037346651334415,-0.6082170684420445,0.1240551854770778,False,True
08171300,0.030864131557791784,-1.9012739927182114,0.25632652355782126,0.0027637379873736,0.05257126579580903,0.029860978569871348,-0.5173872598318812,0.1030332273461214,False,True
08194200,0.07386319289921549,-0.06061925870463414,0.4852910093777486,0.005786496075029229,0.07606902178304405,0.008559061970162709,-3.185504968919335,0.03300073777486108,False,True
08202700,0.06345403085675015,-0.00824910198388884,0.49794619552531105,0.004059628331948477,0.06371521271995,0.01863477103413253,-0.17560335067115407,0.2234816444333534,False,True
08267500,0.015538872568228003,-1.2159168121267077,0.31095331702274137,0.0005350476522348729,0.023131097082388308,0.01640571707047489,-0.07301059624712947,0.08550485294732406,False,True
08269000,0.5363660649598964,-0.8350158778413268,0.3527317105403418,0.5279130674736725,0.726576264045057,0.49978470804637254,0.23172478425550713,0.3896940168408197,False,True
08324000,3.3930641870556415,-0.4939538627856448,0.40096972719577123,17.19971838633087,4.147254318983931,2.964577494863424,0.006332150926724234,0.333535208223579,False,True
08380500,0.0016370658380737775,-75.45475767085802,0.01291076274809966,0.00020489756995792027,0.01431424360411406,0.0081120310547902,-864.6990592924849,0.011141246129968382,True,True
09034900,0.018874794432544712,-0.8570482096765002,0.35001159469872184,0.0006615880301415304,0.025721353582996567,0.01622036546818254,-1.673543648936168,0.42276876416544007,False,True
09306242,0.029336874515129573,-0.7683694984245313,0.3612234568286843,0.0015219511104018028,0.03901219181745372,0.026713529725481144,0.09971785123776189,0.15808402868837151,False,True
09312600,0.18581487385877182,-0.07233314371374044,0.4825478968154427,0.037024625904901146,0.19241784196092926,0.12752008670346326,0.20273442978459755,0.3767745561192948,False,True
09386900,0.06576887766446417,-15.412034038560172,0.05743154405656627,0.07099099619415318,0.26644135601320074,0.20731762369480383,-4.405592003118384,0.3857735461226154,False,True
09404450,0.6316102144250614,-0.12978166427810023,0.4695316974376126,0.4507054521627062,0.6713460003326944,0.29718811694287,-0.0316368932696367,0.1411096827607039,False,True
09430500,7.361422358805466,-0.37186710772596654,0.42160878100744537,74.34221820257922,8.622193352191728,5.917797878640904,-1.2872651813211635,0.37672208017472564,False,True
09497800,15.030433575731601,-0.27774823148959493,0.43903008514071945,288.66112896587464,16.990030281487865,12.304823774369645,0.42279778967914217,0.45441865203471987,False,True
09505800,4.271159057861048,-0.08739899279691143,0.479065096539161,19.837202016910023,4.453897396315953,1.6186627644656193,0.39218474374797996,0.46873315404576515,False,True
10166430,0.2683995309779977,-0.003462685923986575,0.499135824702822,0.07228775426510221,0.2688638210416236,0.15901458288284334,0.042374253366111336,0.41788141946344676,False,True
10172700,0.04605426605748588,-2.7174060476896544,0.21198090431281597,0.007884601209213176,0.08879527695329958,0.0749103585964446,-0.4047948161651427,0.23495996588798296,False,True
10205030,0.46180445312708573,-0.177024913192098,0.45934246959706754,0.25101627946714283,0.5010152487371445,0.34683457554206465,0.054168459565167915,0.6174878829488541,False,True
10242000,0.005706232876400874,-8.627897417215468,0.09409198835323367,0.00031349486935555384,0.017705786324124492,0.010232056339861424,-12.853271879598298,0.09990218924153477,True,True
10244950,0.029876464861432365,-1.2002706251531277,0.31247357399724646,0.0019639684966209453,0.0443166841789968,0.03245944769326023,-0.25788443040694675,0.31685036611792183,False,True
10249300,0.25284443382833405,-0.04613539108939535,0.48872621252476556,0.06687975746700477,0.2586112090900253,0.20577540653932339,-0.006669849491216073,0.5346024607027625,False,True
10259200,0.0018813203329935174,-55.37956000837038,0.017427808785116558,0.00019954790880147812,0.01412614274320765,0.006077333721668421,-265.87899953821295,0.47793429065197346,True,True
10263500,0.46897026498585187,-0.22835892456197193,0.44876074001254973,0.2701567977883945,0.519766099114202,0.2540298942817778,0.4121101158005931,0.4177201675926324,False,True
10343500,0.061911892247483065,-0.13276713052278022,0.46887444282530816,0.004341989753190244,0.06589377628570277,0.022863590825278217,0.04489976032139742,0.17101084794848745,False,True
10396000,3.3486624002406615,-0.2474891140714246,0.44494097601587773,13.98876891901086,3.740156269330315,2.3140567631725535,0.10284501784567579,0.7511387650060858,False,True
11151300,0.0005818957095809165,-266.2060755771922,0.0037284763137745945,9.047667642295888e-05,0.009511922856234636,0.006304497921278508,-1100.3993492943728,0.1717679119533029,True,True
11176400,0.016219205048483547,-0.20021778726918238,0.454500461629827,0.0003157324265736846,0.01776886115016054,0.006297378757362227,-0.45967199664366043,0.40113444774131046,False,True
11224500,0.023676990354093097,-24.022029648509925,0.03842897781254592,0.014027346623835327,0.11843709986248113,0.03374319399247566,-24.23700556616589,0.10343456300237189,False,True
11274500,0.008167022148338855,-0.6109429853545916,0.38300338445122745,0.00010745030110167145,0.010365823705893876,0.0057823985294653225,-2.1844096960391703,0.49642768127805054,True,True
12374250,0.009882490770544487,-2.097465923664609,0.24405328040059454,0.00030250974679470465,0.017392807329315894,0.012690114267162468,-0.24862336242639183,0.4513903960089124,True,True
