basin,std_obs,NSE,NNSE,MSE,RMSE,MAE,KGE,Pearson-r,low_var_flag,neg_basin_flag
01013500,22.67940342235571,-0.30610091263898553,0.43363236817579265,671.7999784644062,25.919104507378457,19.651544549501217,0.2667211464780703,0.29939200333070426,False,True
01052500,3.504661679757918,-2.1910002058828795,0.2386065260975904,39.19394981398548,6.260507153097541,4.020947529778277,0.011639279075767783,0.24935701903062446,False,True
01078000,0.004984973625852713,-44.21560049921288,0.02163771516973,0.0011236059564936193,0.033520232047132656,0.02880718030282101,-5.7701020509672905,0.1835559948056498,True,True
01170100,0.007362651243276811,-3.553854678749884,0.18005512528554127,0.0002468582385190292,0.01571172296468561,0.012193897554980538,-0.06741422003980335,0.4355863239481241,True,True
01195100,0.009691993439698808,-4.592186954775541,0.15169472693361277,0.0005253006099298817,0.022919437382490037,0.020343865528372633,-30.15361247690659,0.39193400260997724,True,True
01411300,0.18439511503638875,-0.14738509180436088,0.4656826592568641,0.03901288126282196,0.19751678729369299,0.1362963706674382,0.3117414112301956,0.46240938520767205,False,True
01440400,0.011448121503026317,-1.9381916850538121,0.253923648205137,0.00038507789185999785,0.01962340163835001,0.013421491366806995,0.04056530043798612,0.22094167622544053,False,True
01466500,0.12671855774425966,-0.2312849122123226,0.4481722591887642,0.019771471835633766,0.14061106583634791,0.09593859855247644,0.01606902771771357,0.5765608640870442,False,True
01484100,0.04503032874455597,-1.1543105552107864,0.31702648883067097,0.0043683612340143264,0.06609357937057371,0.04379416792878019,0.15028837326859157,0.2302781874358495,False,True
01605500,0.3159172354293647,-0.006918616872868544,0.49827630856211574,0.10049420320164587,0.3170082068364254,0.18264899436652696,0.1396211976409517,0.329449089825905,False,True
01606500,14.06328035544306,-0.05493411486992916,0.48663360677298256,208.64049585747009,14.444393232582325,9.218601889831112,0.04139358576416108,0.30866047906664407,False,True
02014000,0.004141553396481093,-38.60064893209002,0.02463014819474026,0.0006792487264064617,0.02606240062631341,0.021884340613280418,-10.47368153899589,0.26163554317104776,True,True
02028500,0.011954534419572836,-1.044725860611016,0.3284367939119878,0.00029221359906605917,0.017094256318016855,0.011404428470871055,0.21605532090665547,0.3176965274889507,False,True
02074500,0.02933944501014545,-0.03939513172459996,0.4903414666653426,0.0008947144823971486,0.029911778322211948,0.011545979234120297,-0.1835648223850439,0.21985139123265685,False,True
02108000,0.021899176343657303,-0.07084335124612529,0.4828950482412164,0.0005135485485146037,0.02266160957466622,0.011661981368145658,0.3621407138414806,0.4297449342557139,False,True
02137727,0.013226703203797444,-3.648132942625648,0.17704965696772887,0.0008131707674147056,0.028516149238891033,0.016942125573603632,-0.42531258941976136,0.3529448330818158,False,True
02140991,0.01485936682650303,-2.1143421651459255,0.24305222071011987,0.0006876491869889374,0.02622306593419117,0.013966072924738868,-0.3663477875256429,0.23878350512882943,False,True
02177000,0.05351513734874234,-0.026115677939157367,0.49355523521595757,0.002938661830087572,0.05420942565723762,0.04111986759742287,0.2591599315650498,0.3959169662420225,False,True
02212600,0.02924020546115091,-0.012778703957296855,0.49682560632915757,0.0008659152745922111,0.02942643836063432,0.015133193916630738,-0.07973200439862982,0.43925245665287316,False,True
02231000,0.04993031708870358,-0.09978869720784234,0.4762383954774748,0.002741813435449287,0.0523623283998075,0.02986977917026073,-0.03033695689120819,0.29482966782577646,False,True
02235200,1.6556586296645495,-0.24162974945999904,0.44610400100234954,3.4035622956786242,1.8448746016135147,1.0443339298712515,-0.19188367126810668,0.16559454055555262,False,True
02245500,1.0010592297770136,-0.0058317685979663025,0.4985462966811911,1.0079637110286737,1.003973959337927,0.2006347487145362,-0.44584663913067724,0.27203156253657584,False,True
02315500,53.17493340165551,-0.19207284640087363,0.45618921909547067,3370.6736409421937,58.05750288241989,35.6630249461113,-0.11028499260886715,0.3502930120557486,False,True
02361000,1.4237367822225555,-0.2689525080460555,0.44073201023549224,2.5722002659471883,1.6038080514660065,1.0624841800231875,0.02416060497491712,0.4176832296271249,False,True
02374500,0.006482397681806576,-3.943701516045068,0.16824532613229184,0.00020774165292451676,0.014413245745650657,0.009607082237201896,-0.47457342934925895,0.2912127747558037,True,True
02422500,0.039671671765276875,-0.022121735240830498,0.49453006837934127,0.0016086576465251877,0.04010807458012897,0.014722589161640223,-1.198070221464806,0.2697806348421415,False,True
03159540,0.01236523915806362,-2.5946834612651255,0.21764284926924096,0.0005496240077726544,0.023444061247417318,0.015605864091069031,-0.2847118707785792,0.5096604530308798,False,True
03241500,0.030496990297004353,-0.6126352222863254,0.3827553083070268,0.0014998578634029841,0.038727998443025484,0.023869275662282,-31.878357296309233,0.2303751573515115,False,True
04057510,5.560900103839699,-0.0023230526625352965,0.49941991062345154,30.9954471393485,5.567355488860802,3.4516667080346513,0.08487456253129211,0.5057576879669285,False,True
04057800,0.1538200389553778,-0.06698491986632771,0.48379646623869427,0.025245508072900734,0.15888835096664808,0.06739995381407729,-0.11023548159476393,0.5017390000788755,False,True
04063700,0.006272409328713661,-8.03747289640117,0.09962667001158623,0.0003555623696968091,0.018856361517981382,0.016741768702386972,-3.001274134644053,0.19716366939072946,True,True
04122200,0.40444480950038336,-0.566807234892319,0.3895890530486024,0.2562914396922269,0.5062523478387304,0.37322162952713894,-0.016384443983705532,0.3752148092609402,False,True
04122500,11.134674261923502,-0.15457430511775438,0.46412880615196367,143.1452433467925,11.964332131247131,8.151278925254253,0.05625743459208821,0.3843395601822877,False,True
04124000,10.802079173300712,-0.4360284886327932,0.41050423041696205,167.56286136722576,12.944607424222095,9.931720972169897,0.21971496455369977,0.4657137258826189,False,True
04127997,3.046290329403169,-0.6861525315170929,0.3722796781890927,15.647301198834311,3.955666972690486,2.736392439203956,0.36195470467799284,0.41887017217676364,False,True
05056000,9.611675234572544,-0.18901669545019506,0.4568261183564611,109.84647606640341,10.480766959836643,4.787822268672184,-0.41666407626053226,0.23350420143861775,False,True
05057000,18.92141221357965,-0.11236408846159751,0.47340323832539905,398.2484131465196,19.95616228503165,8.259611203388866,-0.35281714732171765,0.3582930089198916,False,True
05057200,0.30716520779279144,-0.02666518009849117,0.49342141455817695,0.09686633701674735,0.3112335730873958,0.11772069185078998,-0.3549591685732696,0.5519788574320565,False,True
05062500,0.03019265967001476,-0.3758302091371126,0.4209054991194821,0.001254202275588336,0.0354147183468729,0.022850634590429415,-4.424521108151981,0.283965210838669,False,True
05087500,0.2574408724510482,-0.31540558630298543,0.43188977599242245,0.08717956125082771,0.29526185200737953,0.14573085781118356,-0.6993915474504502,0.07114592964568549,False,True
05120500,0.01861143057456143,-1.377838244611112,0.2960473319275622,0.0008236483279227542,0.028699273996440296,0.02308527368383231,-9.49428594610342,0.1663490992583817,False,True
05131500,0.015109445779620324,-0.7598185305900951,0.36234266453243336,0.0004017583904876549,0.02004391155657136,0.01419560577461177,-7.123291907892517,0.05681458765149235,False,True
05362000,9.70630229513701,-0.04701145579638011,0.488517051122684,98.64136182105128,9.931835772960167,6.840793024466036,0.161448886351779,0.49466588736589245,False,True
05489000,0.05362235329500716,-0.02654302416196619,0.49345115700838815,0.0029516774371917795,0.05432934232246678,0.014808546174060314,-5.663266243712877,0.14584747920975147,False,True
05525500,0.05214379797853842,-0.005392261749037619,0.4986555593506842,0.0027336370961157353,0.05228419547163115,0.01731025194818182,-4.8807065058087975,0.25598203729701846,False,True
06280300,0.0036999121645165537,-51.97137628901506,0.018528339811922357,0.0007251437113335999,0.026928492555908137,0.025647304255207806,-14.834730383433412,-0.03313924638525044,True,True
06289000,0.13247564655945485,-0.5632874362057367,0.39012402037917104,0.027435377050734566,0.16563627939172795,0.10241086446667223,-0.5137463808676366,0.15572379149213197,False,True
06339500,0.009292393223263444,-5.683759335618579,0.13014462795111675,0.0005771330729908664,0.024023594089787364,0.02165880188023575,-26.498459389486595,0.10387030426849554,True,True
06350000,0.043893734826354815,-0.19311250918735268,0.4559729588932695,0.002298722095654648,0.0479449903082131,0.019181781480240887,-47.61111700341551,0.04366292388079729,False,True
06353000,7.555658528847733,-0.1826876413569649,0.45815075920726134,67.51724345412612,8.21688769876564,3.4465303369369362,-0.5163692549004373,0.2428664527047368,False,True
06408700,0.15925380799853373,-0.021698973313936554,0.49463348065158086,0.025912099848808674,0.16097235740588717,0.06714559224412908,-0.205499305667177,0.44692657724833035,False,True
06453600,12.358726860251135,-0.010936574036669144,0.4972807262601238,154.40856146895445,12.426124153128136,4.585927910124021,-0.24317648062006714,0.5191206721447976,False,True
06468170,6.782060910985787,-0.12669320619374425,0.4702135677527992,51.823775280410345,7.198873195188977,2.4082942058953387,-0.7419172606447648,-0.10247436842823272,False,True
06468250,8.052503534761238,-0.13530659099577802,0.4683168235497556,73.61647317894453,8.580004264506197,3.089054166062878,-0.5730163942397017,0.07880823588775697,False,True
06479215,0.9146708285713719,-0.1642370709838461,0.4620565895516277,0.9740271904527465,0.9869281587090047,0.5029327162338291,-0.33226909508128943,0.34762952062373526,False,True
06479438,4.245832965445173,-0.04958120220822093,0.4879045528533337,18.920902740329304,4.349816403059939,1.8418915046202755,-0.2842469512561374,0.42293587442255837,False,True
06847900,0.017131668173072913,-1.598916348216021,0.2778614180614948,0.0007627664960642971,0.027618227605411196,0.010502261150184633,-2.6833962194764993,0.1449348490436621,False,True
06853800,3.0073868651037867,-0.16668487174432234,0.4615345835663379,10.55193636936157,3.248374419515332,0.7589219642401611,0.27514371292835194,0.3508563729684869,False,True
07142300,0.3762541224870051,-0.07531802835687973,0.48185385870316166,0.15222972441287522,0.39016627790324887,0.15481038221372642,-0.29302646665430365,0.37872042253420724,False,True
07180500,0.013586907098665403,-0.5655627941654946,0.3897780254196709,0.0002890092237338268,0.01700027128412446,0.009693321955885245,-6.644131087652071,0.3363532573826836,False,True
07184000,0.00034239513203574974,-2680.741336927674,0.00037275304414745357,0.00031439240749992414,0.017731114107690023,0.010102828250504237,-1277.2201687804422,0.2399396022739624,True,True
07208500,0.2274045886948886,-2.4546571342695,0.22448416788511957,0.17865015568199402,0.42267026827302867,0.2480970194889973,-4.448239627229017,0.16492561108601425,False,True
07292500,0.003339854037426359,-27.74458954584552,0.033619559565906725,0.0003206351169131272,0.017906287077815077,0.012007990385487517,-7.927104701371157,0.261587768305847,True,True
07301410,0.10514322147017768,-0.12105128053768044,0.47146432015849365,0.012393330672002534,0.11132533706215551,0.047321465873964824,-1.2201639951975412,0.23295679925196616,False,True
08079600,0.5870657098041253,-0.03114598264844437,0.4923329039580324,0.35538049056169085,0.5961379794659042,0.15176856061863594,-1.186490792889987,0.22169750579344927,False,True
08104900,2.577931661940284,-0.3137224101259779,0.4322039651876613,8.730646605062816,2.9547667598412595,1.65773142043939,-0.11734449863949648,0.2914358000177441,False,True
08164000,0.03088671937897295,-5.454194279373449,0.13415266124296046,0.006157233147475975,0.0784680390189278,0.022820878769392573,-0.7075517018002366,0.12848039440029044,False,True
08171300,0.030864131557791784,-1.6180855743380764,0.27638926151793647,0.0024939742244798543,0.049939705891002745,0.030918244186061605,-0.7361284683454536,0.06339386813147659,False,True
08194200,0.07386319289921549,-0.06255737849784393,0.4848349967981487,0.005797070013305668,0.07613849232356566,0.016449335212038927,-10.14884039789432,0.03904264007510071,False,True
08202700,0.06332379342797458,-0.06207633713482208,0.48494809915207243,0.004258822893075285,0.06525965746979741,0.02187773140232882,-0.3388004222620207,0.16430111145300766,False,True
08267500,0.015538872568228003,-1.4526502259609742,0.28963258209037684,0.0005922084881400828,0.024335334148930087,0.020118676438628618,-0.4161877037042332,0.018294012506697675,False,True
08269000,0.5363660649598964,-2.168562832364575,0.23989083053661447,0.9115592646993383,0.9547561283905636,0.5987951347596141,-1.2312227930017414,0.42499358264768206,False,True
08271000,0.4433854759509315,-0.19918756929397086,0.45471337413981516,0.2357491000358988,0.48554000868713054,0.28860254346516595,-0.007711562066608613,0.5144040834972863,False,True
08324000,3.3930641870556415,-0.04382717741383879,0.48927815964623406,12.017461812401805,3.4666210944378975,2.479724152524831,0.1312016846988615,0.3346278447804613,False,True
08377900,1.5062856055714116,-0.4362227889216723,0.4104714907632166,3.2586406084579025,1.8051705206040516,1.3331162569564328,-0.27134715825447664,0.32221971967584434,False,True
08378500,4.697549676272405,-0.34219856165436924,0.42694928447640595,29.618259368383104,5.442266014114259,3.6280782609247053,0.1094792715061762,0.26435521999985717,False,True
08380500,0.0016336335265879698,-180.33443860657903,0.005484427449044274,0.0004839378242275625,0.021998586868877793,0.019477911847365664,-2331.6269492242905,0.019431361075961388,True,True
09034900,0.018874794432544712,-4.4151771778530176,0.15588034005549825,0.0019291994592791132,0.04392265314480801,0.034495874023822745,-5.561151171979942,0.32699841024042975,False,True
09210500,2.542943044598803,-0.18781964335188972,0.45707606796505923,7.6811061947860155,2.771480866754453,1.6741321124243245,0.3785030702221285,0.5260056163179605,False,True
09306242,0.029336874515129573,-3.0773053876907346,0.19695486555218242,0.0035091418777420166,0.05923801041343317,0.04867489639439557,-2.421886147356239,0.3344254622939443,False,True
09312600,0.18581487385877182,-0.7873374245768658,0.35876531889633195,0.06171169836419184,0.2484183937718619,0.16001000734769896,-0.2087124437393757,0.14502852806801322,False,True
09352900,0.032025709000013294,-1.706739691695908,0.26977885774937704,0.002776156837852734,0.05268924783912496,0.04478719523973433,-1.2693386834106462,0.5020028290871561,False,True
09386900,0.06550172481708853,-22.558075564168288,0.04071980303941487,0.10107535673089924,0.3179235076726778,0.22499613109496278,-4.641859374950083,0.3902849639100614,False,True
09404450,0.6316102144250614,-0.24461156784115756,0.4455113812684254,0.4965147135833695,0.7046380018018965,0.3229623679688178,-0.047506402429728034,0.1276714587288934,False,True
09430500,7.361422358805466,-0.011680049550952365,0.4970969415455605,54.8234873271242,7.404288441648137,3.544507615479884,-0.09338385330465404,0.3880844916347197,False,True
09430600,0.9033416755265681,-0.17972030289585028,0.4587744577464631,0.9626826554766904,0.9811639289520842,0.41478021696215295,0.03752338304570546,0.1635487698826473,False,True
09505800,4.271159057861048,-0.005456218926191525,0.49863965643460595,18.342336406524968,4.282795396294921,1.6932966176469966,0.3513213988779136,0.40666902156559737,False,True
09512280,1.0191031633073915,-0.21416433268700663,0.45163766087156076,1.260996177765629,1.1229408612058023,0.26149162345250077,-1.7148322958647535,0.48419495972566223,False,True
10166430,0.26802079566569653,-0.533410208693377,0.3947248639673543,0.11015274761366779,0.33189267484183466,0.21836268360700756,-0.11211157242926562,0.36283674465068655,False,True
10172700,0.04605426605748588,-6.950497559915287,0.11172563238031478,0.016862968927947423,0.12985749469301885,0.11356910592508651,-1.0294394367882118,0.2468610322025605,False,True
10205030,0.46110104015834436,-0.251975780122625,0.4440545093009605,0.266187790393247,0.5159339011862344,0.3644011496576858,0.04741498800518873,0.5240044862123356,False,True
10234500,1.9868168053443833,-0.17795828758568577,0.4591456161947536,4.649920861907435,2.1563675155008792,1.2326549746167699,0.2804868520850293,0.4788709943598704,False,True
10242000,0.005706232876400874,-21.67122211131989,0.04224538958306622,0.0007381997860935365,0.027169832279451717,0.023125523751310797,-31.547753149159924,0.13427319246775832,True,True
10244950,0.029828864396598924,-6.604460171937269,0.11621879583584067,0.006766153236766633,0.08225663035139862,0.06685978085943263,-1.8232365106001316,0.25659651434243924,False,True
10249300,0.25185047846454767,-0.10810111638343423,0.47436054761716373,0.07028537283818578,0.26511388654347356,0.20459282718925875,-0.02698674227237441,0.4670774216434718,False,True
10259200,0.0018813203329935174,-45.9055590543624,0.02087440413471049,0.00016601595009029226,0.012884717695405369,0.0093302709347325,-671.9991489801795,0.2971244234689161,True,True
10263500,0.4681362874312179,-0.22354054462934014,0.4497331979915383,0.2681408479664196,0.517823182144658,0.2424253336259274,0.2731999694779983,0.29000533358214925,False,True
10310500,0.44255035476825216,-0.105394114932156,0.4749704546562884,0.21649233996984374,0.4652873735336515,0.2140243877291462,0.2200423988684861,0.3232719688596562,False,True
10316500,0.05510638526215448,-0.16522006442604686,0.46184681937402905,0.003538439729266786,0.059484785695728834,0.03870597131792164,-1.0108123824054767,0.29497291450647506,False,True
10343500,0.061911892247483065,-0.8375382280950883,0.35241815955069106,0.007043435444496046,0.08392517765543332,0.03768935245416859,-0.40758263113889304,0.12622693606129642,False,True
10396000,3.3486624002406615,-0.8247007575225718,0.35401980097780644,20.46135469673195,4.523422896074603,3.449195024333865,-0.3163001838392172,0.7285462110098644,False,True
11151300,0.0005806752936372034,-594.1120084990877,0.0016775370832032659,0.0002006621264521666,0.014165525985722047,0.01250820681014905,-2244.7382104177373,0.08179888362389193,True,True
11176400,0.016219205048483547,-1.319808100814388,0.3012222302110439,0.0006102547792779443,0.024703335387715245,0.017677575664374865,-20.585347516671963,0.27631385451488666,False,True
11224500,0.02362747823154338,-21.34023209657778,0.04284447540462219,0.012471607203891224,0.11167635024431638,0.018886525131898993,-12.143626307109924,0.04925194897535604,False,True
11264500,6.613238783234538,-0.15606444334345015,0.4638080290630279,50.56039427284808,7.1105832582741115,3.001225397452918,-0.0009291640227298004,0.1840244135193346,False,True
11274500,0.008167022148338855,-0.9836495097103561,0.3351600101638872,0.00013230991974035925,0.011502604911078153,0.006593254734396717,-4.037949516261324,0.4143798550195019,True,True
11274630,1.3381328291075263,-0.2641718690654269,0.4416625847457269,2.263625476633011,1.50453497022602,0.24681094182416863,-0.42277559142557775,0.06767504402139228,False,True
11523200,11.752117272227848,-0.14672138244567257,0.46582663599350765,158.37628215587515,12.584763889556099,7.324437941250032,0.3732770464995513,0.516205231434512,False,True
12048000,11.417152807508751,-0.028504232403974594,0.4929740761816912,134.06694420925143,11.578728091170094,7.678432687748311,0.4944834315168435,0.529442374026561,False,True
12374250,0.009862101953813695,-1.878649749473034,0.2578216814075216,0.0002799805114578617,0.01673261818897036,0.014322213989676444,-0.5905801363492471,0.23300201257719652,True,True
12447390,0.041478463173572046,-0.19063268860618776,0.45648912535686664,0.002048439376896013,0.045259688210327005,0.03656701787951447,-0.23490860754090792,0.3765672943198758,False,True
13018300,0.059060395185365565,-0.08314791559724055,0.48004272404885806,0.0037781610415195685,0.06146674744542425,0.03908919716324707,-0.843626528435772,0.2774653032662947,False,True
14020000,0.04067744201176292,-0.27585205176117933,0.43939587339438213,0.0021110940690916894,0.04594664371955463,0.02842552820212917,-5.89425878539808,0.2812622748499517,False,True
14166500,0.1266229592414071,-0.09027781928607115,0.4784053061145466,0.01748083183015002,0.13221509683145122,0.07713899983739819,0.4140070189818269,0.4187988745390744,False,True
